0 0 0 0 0 115701 114.074 2.137 0.006 0.004 113.574 341.400
0 1 0 0 1 115701 111.883 2.268 0.007 0.005 111.383 438.854
0 2 0 0 2 115701 142.563 2.372 0.007 0.005 142.063 353.457
0 3 0 0 3 115701 130.001 2.245 0.007 0.005 129.501 760.503
0 4 0 0 4 115701 102.075 1.856 0.005 0.004 101.575 346.069
0 5 0 0 5 115701 118.210 2.495 0.007 0.005 117.710 244.145
0 6 0 0 6 115701 156.875 2.485 0.007 0.005 156.375 353.482
0 7 0 0 7 115701 111.713 1.954 0.006 0.004 111.213 462.502
0 8 0 0 8 0 0.000 0.514 25.244 27.874 0.000 -0.000
0 9 0 0 9 115701 85.698 1.872 0.006 0.004 85.198 233.086
0 10 0 0 10 115701 109.214 2.634 0.008 0.005 108.714 308.552
0 11 0 0 11 115701 113.668 1.943 0.006 0.004 113.168 378.482
0 12 0 0 12 115701 104.019 2.476 0.007 0.005 103.519 195.414
0 13 0 0 13 115701 101.951 2.311 0.007 0.005 101.451 214.839
0 14 0 0 14 115701 116.481 2.605 0.008 0.005 115.981 214.260
0 15 0 0 15 115701 104.696 2.308 0.007 0.005 104.196 252.642
0 16 0 0 16 115701 110.194 2.410 0.007 0.005 109.694 350.043
0 17 0 0 17 0 0.000 0.514 25.244 27.874 0.000 -0.000
0 18 0 0 18 0 0.000 0.514 25.244 27.874 0.000 -0.000
0 19 0 0 19 0 0.000 0.514 25.244 27.874 0.000 -0.000
0 20 0 0 20 115701 137.243 1.964 0.006 0.004 136.743 430.331
0 21 0 0 21 115701 125.574 2.352 0.007 0.005 125.074 691.269
0 22 0 0 22 115701 105.615 1.748 0.005 0.004 105.115 441.304
0 23 0 0 23 115701 93.858 2.189 0.006 0.005 93.358 536.459
0 24 0 0 24 115701 128.504 1.861 0.005 0.004 128.004 1438.810
0 25 0 0 25 115701 102.286 1.521 0.004 0.003 101.786 433.210
0 26 0 0 26 115701 149.394 2.805 0.008 0.006 148.894 255.761
0 27 0 0 27 115701 104.697 2.409 0.007 0.005 104.197 338.463
0 28 0 0 28 0 0.000 0.514 25.244 27.874 0.000 -0.000
0 29 0 0 29 115701 107.504 2.391 0.007 0.005 107.004 335.852
0 30 0 0 30 115701 124.772 2.716 0.008 0.006 124.272 560.303
0 31 0 0 31 115701 89.693 2.118 0.006 0.004 89.193 278.597
0 32 0 0 32 115701 89.890 2.440 0.007 0.005 89.390 370.802
0 33 0 0 33 115701 115.043 2.301 0.007 0.005 114.543 271.669
0 34 0 0 34 115701 127.169 2.408 0.007 0.005 126.669 757.936
0 35 0 0 35 115701 81.540 2.078 0.006 0.004 81.040 271.526
0 36 0 0 36 115701 121.073 2.122 0.006 0.004 120.573 282.795
0 37 0 0 37 0 0.000 0.514 25.244 27.874 0.000 -0.000
0 38 0 0 38 0 0.000 0.514 25.244 27.874 0.000 -0.000
0 39 0 1 0 115701 110.445 1.978 0.006 0.004 109.945 767.004
0 40 0 1 1 115701 102.794 2.081 0.006 0.004 102.294 327.986
0 41 0 1 2 115701 100.620 2.419 0.007 0.005 100.120 576.855
0 42 0 1 3 115701 137.123 2.191 0.006 0.005 136.623 320.034
0 43 0 1 4 115701 130.061 2.082 0.006 0.004 129.561 398.993
0 44 0 1 5 115701 136.855 2.118 0.006 0.004 136.355 318.571
0 45 0 1 6 115701 129.371 2.195 0.006 0.005 128.871 1000.183
0 46 0 1 7 115701 114.535 2.403 0.007 0.005 114.035 405.706
0 47 0 1 8 0 0.000 0.514 25.244 27.874 0.000 -0.000
0 48 0 1 9 115701 121.940 2.269 0.007 0.005 121.440 317.592
0 49 0 1 10 115701 78.120 2.436 0.007 0.005 77.620 361.021
0 50 0 1 11 115701 87.541 2.236 0.007 0.005 87.041 294.512
0 51 0 1 12 115701 122.288 2.566 0.008 0.005 121.788 389.864
0 52 0 1 13 115701 112.141 2.018 0.006 0.004 111.641 355.137
0 53 0 1 14 115701 123.030 2.616 0.008 0.005 122.530 292.810
0 54 0 1 15 115701 104.442 2.158 0.006 0.004 103.942 316.136
0 55 0 1 16 115701 127.987 2.315 0.007 0.005 127.487 716.240
0 56 0 1 17 0 0.000 0.514 25.244 27.874 0.000 -0.000
0 57 0 1 18 0 0.000 0.514 25.244 27.874 0.000 -0.000
0 58 0 1 19 0 0.000 0.514 25.244 27.874 0.000 -0.000
0 59 0 1 20 115701 106.768 2.011 0.006 0.004 106.268 308.139
0 60 0 1 21 115701 105.480 2.055 0.006 0.004 104.980 274.183
0 61 0 1 22 115701 88.845 2.238 0.007 0.005 88.345 373.373
0 62 0 1 23 115701 107.294 1.981 0.006 0.004 106.794 259.288
0 63 0 1 24 115701 111.977 2.013 0.006 0.004 111.476 341.418
0 64 0 1 25 115701 100.945 1.991 0.006 0.004 100.445 269.550
0 65 0 1 26 115701 121.644 2.171 0.006 0.005 121.144 461.564
0 66 0 1 27 115701 100.257 2.125 0.006 0.004 99.757 337.474
0 67 0 1 28 0 0.000 0.514 25.244 27.874 0.000 -0.000
0 68 0 1 29 115701 90.222 2.051 0.006 0.004 89.722 463.799
0 69 0 1 30 115701 137.722 2.524 0.007 0.005 137.222 332.468
0 70 0 1 31 115701 111.145 2.147 0.006 0.004 110.645 437.250
0 71 0 1 32 115701 135.818 2.518 0.007 0.005 135.318 208.729
0 72 0 1 33 115701 105.427 2.194 0.006 0.005 104.927 373.046
0 73 0 1 34 115701 78.272 1.986 0.006 0.004 77.772 519.350
0 74 0 1 35 115701 87.063 1.987 0.006 0.004 86.563 401.022
0 75 0 1 36 115701 101.444 2.057 0.006 0.004 100.944 329.107
0 76 0 1 37 0 0.000 0.514 25.244 27.874 0.000 -0.000
0 77 0 1 38 0 0.000 0.514 25.244 27.874 0.000 -0.000
0 78 1 0 0 115701 101.139 1.900 0.006 0.004 100.639 246.419
0 79 1 0 1 115701 92.721 1.919 0.006 0.004 92.221 321.370
0 80 1 0 2 115701 82.344 2.052 0.006 0.004 81.844 198.867
0 81 1 0 3 115701 109.179 1.959 0.006 0.004 108.679 649.917
0 82 1 0 4 115701 103.402 2.109 0.006 0.004 102.902 191.674
0 83 1 0 5 115701 79.495 1.974 0.006 0.004 78.995 328.663
0 84 1 0 6 115701 121.610 1.534 0.005 0.003 121.110 451.575
0 85 1 0 7 115701 69.366 1.806 0.005 0.004 68.866 470.835
0 86 1 0 8 0 0.000 0.514 25.244 27.874 0.000 -0.000
0 87 1 0 9 115701 118.510 1.684 0.005 0.004 118.010 271.659
0 88 1 0 10 115701 115.749 2.334 0.007 0.005 115.249 390.036
0 89 1 0 11 115701 97.318 1.689 0.005 0.004 96.818 768.057
0 90 1 0 12 115701 117.448 2.150 0.006 0.004 116.948 367.274
0 91 1 0 13 115701 94.975 1.863 0.005 0.004 94.475 691.065
0 92 1 0 14 115701 98.381 2.229 0.007 0.005 97.882 519.258
0 93 1 0 15 115701 118.811 2.007 0.006 0.004 118.311 303.635
0 94 1 0 16 115701 84.889 2.340 0.007 0.005 84.389 236.061
0 95 1 0 17 0 0.000 0.514 25.244 27.874 0.000 -0.000
0 96 1 0 18 0 0.000 0.514 25.244 27.874 0.000 -0.000
0 97 1 0 19 0 0.000 0.514 25.244 27.874 0.000 -0.000
0 98 1 0 20 115701 87.833 2.187 0.006 0.005 87.333 630.050
0 99 1 0 21 115701 130.038 1.958 0.006 0.004 129.538 610.684
0 100 1 0 22 115701 114.863 1.969 0.006 0.004 114.363 364.437
0 101 1 0 23 115701 90.670 2.055 0.006 0.004 90.170 332.847
0 102 1 0 24 115701 104.154 1.888 0.006 0.004 103.654 278.792
0 103 1 0 25 115701 99.301 1.560 0.005 0.003 98.801 398.405
0 104 1 0 26 115701 128.140 2.440 0.007 0.005 127.640 742.520
0 105 1 0 27 115701 107.180 2.415 0.007 0.005 106.680 639.147
0 106 1 0 28 0 0.000 0.514 25.244 27.874 0.000 -0.000
0 107 1 0 29 115701 97.401 2.101 0.006 0.004 96.901 464.502
0 108 1 0 30 115701 103.298 2.389 0.007 0.005 102.798 256.337
0 109 1 0 31 115701 96.124 1.845 0.005 0.004 95.624 589.796
0 110 1 0 32 115701 110.208 1.952 0.006 0.004 109.708 335.749
0 111 1 0 33 115701 83.168 2.085 0.006 0.004 82.668 245.000
0 112 1 0 34 115701 92.709 2.196 0.006 0.005 92.209 383.478
0 113 1 0 35 115701 90.535 2.265 0.007 0.005 90.035 242.195
0 114 1 0 36 115701 73.865 2.329 0.007 0.005 73.365 230.933
0 115 1 0 37 0 0.000 0.514 25.244 27.874 0.000 -0.000
0 116 1 0 38 0 0.000 0.514 25.244 27.874 0.000 -0.000
0 117 1 1 0 115701 123.178 1.795 0.005 0.004 122.678 431.404
0 118 1 1 1 115701 138.782 1.897 0.006 0.004 138.282 208.258
0 119 1 1 2 115701 132.883 2.021 0.006 0.004 132.383 246.064
0 120 1 1 3 115701 134.887 1.998 0.006 0.004 134.387 212.787
0 121 1 1 4 115701 142.779 1.977 0.006 0.004 142.279 308.786
0 122 1 1 5 115701 98.011 0.892 0.003 0.002 97.511 1018.513
0 123 1 1 6 115701 129.433 2.043 0.006 0.004 128.933 814.590
0 124 1 1 7 115701 102.243 2.146 0.006 0.004 101.743 179.654
0 125 1 1 8 0 0.000 0.514 25.244 27.874 0.000 -0.000
0 126 1 1 9 115701 84.396 2.031 0.006 0.004 83.896 322.083
0 127 1 1 10 115701 128.094 2.196 0.006 0.005 127.594 828.176
0 128 1 1 11 115701 121.022 2.026 0.006 0.004 120.522 282.852
0 129 1 1 12 115701 136.756 2.432 0.007 0.005 136.256 239.921
0 130 1 1 13 115701 153.130 1.934 0.006 0.004 152.630 350.247
0 131 1 1 14 115701 144.093 2.506 0.007 0.005 143.593 372.511
0 132 1 1 15 115701 0.000 0.514 25.244 27.874 512.000 -0.000
0 133 1 1 16 115701 167.514 2.410 0.007 0.005 167.014 230.748
0 134 1 1 17 0 0.000 0.514 25.244 27.874 0.000 -0.000
0 135 1 1 18 0 0.000 0.514 25.244 27.874 0.000 -0.000
0 136 1 1 19 0 0.000 0.514 25.244 27.874 0.000 -0.000
0 137 1 1 20 115701 121.022 2.163 0.006 0.004 120.522 385.476
0 138 1 1 21 115701 123.690 2.245 0.007 0.005 123.190 481.499
0 139 1 1 22 115701 129.651 2.388 0.007 0.005 129.151 703.472
0 140 1 1 23 115701 101.041 2.262 0.007 0.005 100.541 382.364
0 141 1 1 24 115701 128.754 2.196 0.006 0.005 128.254 728.276
0 142 1 1 25 115701 98.275 1.952 0.006 0.004 97.775 571.623
0 143 1 1 26 115701 105.392 2.145 0.006 0.004 104.892 374.290
0 144 1 1 27 115701 147.887 2.179 0.006 0.005 147.387 363.477
0 145 1 1 28 0 0.000 0.514 25.244 27.874 0.000 -0.000
0 146 1 1 29 115701 116.386 2.184 0.006 0.005 115.886 405.079
0 147 1 1 30 115701 148.353 2.559 0.008 0.005 147.853 372.908
0 148 1 1 31 115701 102.369 2.446 0.007 0.005 101.869 367.299
0 149 1 1 32 115701 125.022 2.610 0.008 0.005 124.522 415.024
0 150 1 1 33 115701 115.072 2.371 0.007 0.005 114.572 418.480
0 151 1 1 34 115701 129.697 1.964 0.006 0.004 129.197 995.050
0 152 1 1 35 115701 103.626 2.126 0.006 0.004 103.126 981.902
0 153 1 1 36 115701 132.489 2.191 0.006 0.005 131.989 403.530
0 154 1 1 37 0 0.000 0.514 25.244 27.874 0.000 -0.000
0 155 1 1 38 0 0.000 0.514 25.244 27.874 0.000 -0.000
0 156 2 0 0 115701 100.068 1.979 0.006 0.004 99.568 212.584
0 157 2 0 1 115701 88.779 1.938 0.006 0.004 88.279 193.840
0 158 2 0 2 115701 99.383 2.063 0.006 0.004 98.883 216.456
0 159 2 0 3 115701 90.779 2.129 0.006 0.004 90.279 184.067
0 160 2 0 4 115701 100.729 1.734 0.005 0.004 100.229 249.532
0 161 2 0 5 115701 110.207 2.275 0.007 0.005 109.707 229.740
0 162 2 0 6 115701 127.528 2.798 0.008 0.006 127.028 437.679
0 163 2 0 7 115701 122.570 2.031 0.006 0.004 122.070 180.280
0 164 2 0 8 0 0.000 0.514 25.244 27.874 0.000 -0.000
0 165 2 0 9 115701 103.822 1.953 0.006 0.004 103.322 155.059
0 166 2 0 10 115701 96.928 2.703 0.008 0.006 96.428 315.951
0 167 2 0 11 115701 82.521 0.067 0.000 1.514 82.000 -792.535
0 168 2 0 12 115701 109.306 2.440 0.007 0.005 108.806 246.597
0 169 2 0 13 115701 123.952 0.972 0.003 0.002 123.452 1171.379
0 170 2 0 14 115701 102.880 2.322 0.007 0.005 102.380 220.639
0 171 2 0 15 115701 80.561 2.226 0.007 0.005 80.061 219.646
0 172 2 0 16 115701 105.017 2.330 0.007 0.005 104.517 226.223
0 173 2 0 17 0 0.000 0.514 25.244 27.874 0.000 -0.000
0 174 2 0 18 0 0.000 0.514 25.244 27.874 0.000 -0.000
0 175 2 0 19 0 0.000 0.514 25.244 27.874 0.000 -0.000
0 176 2 0 20 115701 80.521 0.067 0.000 1.517 80.000 -11672.230
0 177 2 0 21 115701 84.852 1.781 0.005 0.004 84.352 468.177
0 178 2 0 22 115701 69.516 0.069 0.000 2.045 69.000 -770.142
0 179 2 0 23 115701 111.583 2.138 0.006 0.004 111.083 406.282
0 180 2 0 24 115701 105.184 2.059 0.006 0.004 104.684 317.064
0 181 2 0 25 115701 95.846 1.497 0.004 0.003 95.346 977.421
0 182 2 0 26 115701 128.269 2.595 0.008 0.005 127.769 576.096
0 183 2 0 27 115701 118.131 2.326 0.007 0.005 117.631 317.152
0 184 2 0 28 0 0.000 0.514 25.244 27.874 0.000 -0.000
0 185 2 0 29 115701 87.703 2.144 0.006 0.004 87.203 364.676
0 186 2 0 30 115701 122.793 2.509 0.007 0.005 122.293 358.832
0 187 2 0 31 115701 104.110 2.292 0.007 0.000 103.613 755.905
0 188 2 0 32 115701 92.293 2.017 0.006 0.004 91.793 363.787
0 189 2 0 33 115701 122.448 2.492 0.007 0.005 121.948 282.721
0 190 2 0 34 115701 105.449 2.225 0.007 0.005 104.949 213.324
0 191 2 0 35 115701 131.978 1.908 0.006 0.004 131.478 445.712
0 192 2 0 36 115701 98.567 1.978 0.006 0.004 98.067 345.034
0 193 2 0 37 0 0.000 0.514 25.244 27.874 0.000 -0.000
0 194 2 0 38 0 0.000 0.514 25.244 27.874 0.000 -0.000
0 195 2 1 0 115701 125.329 2.109 0.006 0.004 124.829 920.222
0 196 2 1 1 115701 100.401 2.075 0.006 0.004 99.901 387.097
0 197 2 1 2 115701 131.536 2.258 0.007 0.005 131.036 728.064
0 198 2 1 3 115701 135.658 2.174 0.006 0.005 135.158 171.677
0 199 2 1 4 115701 120.090 2.369 0.007 0.005 119.590 198.828
0 200 2 1 5 115701 151.540 2.065 0.006 0.004 151.040 197.077
0 201 2 1 6 115701 142.231 2.316 0.007 0.005 141.731 198.511
0 202 2 1 7 115701 138.250 2.368 0.007 0.005 137.750 157.693
0 203 2 1 8 0 0.000 0.514 25.244 27.874 0.000 -0.000
0 204 2 1 9 115701 99.586 2.175 0.006 0.005 99.086 282.904
0 205 2 1 10 115701 149.309 2.656 0.008 0.006 148.809 201.723
0 206 2 1 11 115701 117.619 2.258 0.007 0.005 117.119 152.205
0 207 2 1 12 115701 143.309 2.741 0.008 0.006 142.809 224.319
0 208 2 1 13 115701 110.294 2.072 0.006 0.004 109.794 233.227
0 209 2 1 14 115701 166.899 2.934 0.009 0.006 166.399 198.616
0 210 2 1 15 115701 134.637 2.313 0.007 0.005 134.137 243.717
0 211 2 1 16 115701 134.994 2.722 0.008 0.006 134.494 271.174
0 212 2 1 17 0 0.000 0.514 25.244 27.874 0.000 -0.000
0 213 2 1 18 0 0.000 0.514 25.244 27.874 0.000 -0.000
0 214 2 1 19 0 0.000 0.514 25.244 27.874 0.000 -0.000
0 215 2 1 20 115701 102.819 2.061 0.006 0.004 102.319 458.867
0 216 2 1 21 115701 124.523 2.181 0.006 0.005 124.023 973.652
0 217 2 1 22 115701 115.777 2.264 0.007 0.005 115.277 348.994
0 218 2 1 23 115701 110.168 1.981 0.006 0.004 109.668 406.673
0 219 2 1 24 115701 121.929 2.171 0.006 0.005 121.429 315.525
0 220 2 1 25 115701 115.880 1.962 0.006 0.004 115.380 266.312
0 221 2 1 26 115701 114.400 2.278 0.007 0.005 113.900 262.956
0 222 2 1 27 115701 134.725 2.124 0.006 0.004 134.225 209.239
0 223 2 1 28 0 0.000 0.514 25.244 27.874 0.000 -0.000
0 224 2 1 29 115701 133.656 2.145 0.006 0.004 133.156 188.690
0 225 2 1 30 115701 139.764 2.610 0.008 0.005 139.264 193.245
0 226 2 1 31 115701 149.462 2.364 0.007 0.005 148.962 159.505
0 227 2 1 32 115701 147.246 2.474 0.007 0.005 146.746 131.653
0 228 2 1 33 115701 127.942 2.247 0.007 0.000 127.440 943.031
0 229 2 1 34 115701 144.652 2.170 0.006 0.005 144.152 260.900
0 230 2 1 35 115701 111.744 1.640 0.005 0.003 111.244 52089.532
0 231 2 1 36 115701 128.671 2.019 0.006 0.004 128.171 1382.388
0 232 2 1 37 0 0.000 0.514 25.244 27.874 0.000 -0.000
0 233 2 1 38 0 0.000 0.514 25.244 27.874 0.000 -0.000
1 0 0 0 0 115701 128.214 1.615 0.005 0.003 127.714 11279.320
1 1 0 0 1 115701 76.691 1.029 0.003 0.002 76.191 720.541
1 2 0 0 2 115701 112.701 1.677 0.005 0.003 112.201 173.957
1 3 0 0 3 115701 59.992 1.815 0.005 0.004 59.492 228.005
1 4 0 0 4 115701 88.486 1.450 0.004 0.003 87.986 113.961
1 5 0 0 5 115701 90.469 1.928 0.006 0.004 89.969 169.337
1 6 0 0 6 115701 105.934 1.836 0.005 0.004 105.434 213.336
1 7 0 0 7 115701 92.163 1.613 0.005 0.003 91.663 258.163
1 8 0 0 8 0 0.000 0.514 25.244 27.874 0.000 -0.000
1 9 0 0 9 115701 79.913 1.381 0.004 0.003 79.413 256.076
1 10 0 0 10 115701 70.274 1.872 0.006 0.004 69.774 209.916
1 11 0 0 11 115701 77.399 1.488 0.004 0.003 76.899 429.030
1 12 0 0 12 115701 93.922 3.113 0.024 89.645 93.383 17639.035
1 13 0 0 13 115701 118.636 1.568 0.005 0.003 118.136 283.303
1 14 0 0 14 115701 70.698 1.698 0.005 0.004 70.198 316.281
1 15 0 0 15 115701 77.034 1.679 0.005 0.003 76.534 520.285
1 16 0 0 16 115701 100.914 1.778 0.005 0.004 100.414 351.485
1 17 0 0 17 0 0.000 0.514 25.244 27.874 0.000 -0.000
1 18 0 0 18 0 0.000 0.514 25.244 27.874 0.000 -0.000
1 19 0 0 19 0 0.000 0.514 25.244 27.874 0.000 -0.000
1 20 0 0 20 115701 108.021 1.550 0.005 0.003 107.521 694.369
1 21 0 0 21 115701 105.748 1.654 0.005 0.003 105.248 468.345
1 22 0 0 22 115701 117.997 1.448 0.004 0.003 117.497 441.784
1 23 0 0 23 115701 129.331 1.526 0.004 0.003 128.831 2025.064
1 24 0 0 24 115701 75.897 1.559 0.005 0.003 75.397 568.749
1 25 0 0 25 115701 84.002 1.364 0.004 0.003 83.502 953.392
1 26 0 0 26 115701 108.536 1.824 0.005 0.004 108.036 364.403
1 27 0 0 27 115701 143.206 1.807 0.005 0.004 142.706 283.861
1 28 0 0 28 0 0.000 0.514 25.244 27.874 0.000 -0.000
1 29 0 0 29 115701 141.273 1.840 0.005 0.004 140.773 284.380
1 30 0 0 30 115701 111.283 1.671 0.005 0.003 110.783 552.320
1 31 0 0 31 115701 111.760 1.580 0.005 0.003 111.260 365.755
1 32 0 0 32 115701 96.724 2.006 0.006 0.004 96.224 426.914
1 33 0 0 33 115701 128.601 1.553 0.005 0.003 128.101 8184.097
1 34 0 0 34 115701 129.938 1.674 0.005 0.003 129.438 3542.829
1 35 0 0 35 115701 79.958 1.638 0.005 0.003 79.458 129.288
1 36 0 0 36 115701 93.524 1.688 0.005 0.004 93.024 345.634
1 37 0 0 37 0 0.000 0.514 25.244 27.874 0.000 -0.000
1 38 0 0 38 0 0.000 0.514 25.244 27.874 0.000 -0.000
1 39 0 1 0 115701 80.221 1.588 0.005 0.003 79.721 158.056
1 40 0 1 1 115701 24.603 1.723 0.005 0.004 24.103 173.094
1 41 0 1 2 115701 47.811 1.720 0.005 0.004 47.311 178.414
1 42 0 1 3 115701 71.656 1.700 0.005 0.004 71.156 255.330
1 43 0 1 4 115701 91.741 1.670 0.005 0.003 91.241 191.266
1 44 0 1 5 115701 58.605 1.659 0.005 0.003 58.105 228.474
1 45 0 1 6 115701 67.338 1.633 0.005 0.003 66.838 308.015
1 46 0 1 7 115701 59.335 1.705 0.005 0.004 58.835 230.940
1 47 0 1 8 0 0.000 0.514 25.244 27.874 0.000 -0.000
1 48 0 1 9 115701 69.569 1.697 0.005 0.004 69.069 199.564
1 49 0 1 10 115701 94.134 1.628 0.005 0.003 93.634 504.840
1 50 0 1 11 115701 86.422 1.669 0.005 0.003 85.922 319.431
1 51 0 1 12 115701 50.870 1.704 0.005 0.004 50.370 323.296
1 52 0 1 13 115701 71.720 1.704 0.005 0.004 71.220 263.507
1 53 0 1 14 115701 30.748 1.640 0.005 0.003 30.248 547.950
1 54 0 1 15 115701 85.438 1.659 0.005 0.003 84.938 562.815
1 55 0 1 16 115701 61.082 1.768 0.005 0.004 60.582 665.179
1 56 0 1 17 0 0.000 0.514 25.244 27.874 0.000 -0.000
1 57 0 1 18 0 0.000 0.514 25.244 27.874 0.000 -0.000
1 58 0 1 19 0 0.000 0.514 25.244 27.874 0.000 -0.000
1 59 0 1 20 115701 92.230 1.535 0.005 0.003 91.730 914.193
1 60 0 1 21 115701 68.900 1.693 0.005 0.004 68.400 409.044
1 61 0 1 22 115701 82.962 1.768 0.005 0.004 82.462 434.929
1 62 0 1 23 115701 69.994 1.805 0.005 0.004 69.494 517.096
1 63 0 1 24 115701 76.093 1.648 0.005 0.003 75.593 576.278
1 64 0 1 25 115701 91.189 1.582 0.005 0.003 90.689 429.409
1 65 0 1 26 115701 101.742 1.671 0.005 0.003 101.242 335.653
1 66 0 1 27 115701 108.063 1.702 0.005 0.004 107.563 360.673
1 67 0 1 28 0 0.000 0.514 25.244 27.874 0.000 -0.000
1 68 0 1 29 115701 77.021 1.795 0.005 0.004 76.521 264.719
1 69 0 1 30 115701 93.150 1.893 0.006 0.004 92.650 646.590
1 70 0 1 31 115701 96.282 1.968 0.006 0.004 95.782 427.338
1 71 0 1 32 115701 87.695 2.076 0.006 0.004 87.195 199.022
1 72 0 1 33 115701 32.285 1.823 0.005 0.004 31.785 182.353
1 73 0 1 34 115701 83.561 1.792 0.005 0.004 83.061 157.198
1 74 0 1 35 115701 62.408 1.731 0.005 0.004 61.908 351.163
1 75 0 1 36 115701 113.437 1.799 0.005 0.004 112.937 111.235
1 76 0 1 37 0 0.000 0.514 25.244 27.874 0.000 -0.000
1 77 0 1 38 0 0.000 0.514 25.244 27.874 0.000 -0.000
1 78 1 0 0 115701 94.880 1.751 0.005 0.004 94.380 209.543
1 79 1 0 1 115701 103.802 1.900 0.006 0.004 103.302 194.521
1 80 1 0 2 115701 127.801 1.751 0.005 0.004 127.301 473305.846
1 81 1 0 3 115701 130.083 1.598 0.005 0.003 129.583 45011.889
1 82 1 0 4 115701 101.831 1.925 0.006 0.004 101.331 142.241
1 83 1 0 5 115701 155.296 1.983 0.006 0.004 154.796 131.534
1 84 1 0 6 115701 117.362 1.508 0.004 0.003 116.862 177.660
1 85 1 0 7 115701 130.457 1.519 0.004 0.003 129.957 75088.762
1 86 1 0 8 0 0.000 0.514 25.244 27.874 0.000 -0.000
1 87 1 0 9 115701 112.867 1.518 0.004 0.003 112.367 147.335
1 88 1 0 10 115701 115.523 1.956 0.006 0.004 115.023 203.784
1 89 1 0 11 115701 113.062 1.767 0.005 0.004 112.562 98.923
1 90 1 0 12 115701 120.783 1.676 0.005 0.003 120.283 238.501
1 91 1 0 13 115701 133.187 1.751 0.005 0.004 132.687 304.258
1 92 1 0 14 115701 116.539 1.764 0.005 0.004 116.039 239.553
1 93 1 0 15 115701 112.476 2.265 0.007 0.005 111.976 219.407
1 94 1 0 16 115701 96.481 1.844 0.005 0.004 95.981 551.214
1 95 1 0 17 0 0.000 0.514 25.244 27.874 0.000 -0.000
1 96 1 0 18 0 0.000 0.514 25.244 27.874 0.000 -0.000
1 97 1 0 19 0 0.000 0.514 25.244 27.874 0.000 -0.000
1 98 1 0 20 115701 113.181 1.816 0.005 0.004 112.681 511.324
1 99 1 0 21 115701 138.641 1.901 0.006 0.004 138.141 267.019
1 100 1 0 22 115701 116.595 1.905 0.006 0.004 116.095 297.773
1 101 1 0 23 115701 114.887 1.925 0.006 0.004 114.387 245.388
1 102 1 0 24 115701 104.650 1.597 0.005 0.003 104.150 238.141
1 103 1 0 25 115701 90.947 1.440 0.004 0.003 90.447 333.077
1 104 1 0 26 115701 103.422 2.103 0.006 0.004 102.922 203.337
1 105 1 0 27 115701 107.378 2.148 0.006 0.004 106.878 164.486
1 106 1 0 28 0 0.000 0.514 25.244 27.874 0.000 -0.000
1 107 1 0 29 115701 126.160 2.010 0.006 0.004 125.660 28011.658
1 108 1 0 30 115701 102.436 2.077 0.006 0.004 101.936 153.885
1 109 1 0 31 115701 109.273 1.761 0.005 0.004 108.773 168.317
1 110 1 0 32 115701 120.226 1.841 0.005 0.004 119.726 145.864
1 111 1 0 33 115701 112.339 1.805 0.005 0.004 111.839 164.920
1 112 1 0 34 115701 119.838 1.238 0.004 0.003 119.338 172.291
1 113 1 0 35 115701 111.157 2.006 0.006 0.004 110.657 134.694
1 114 1 0 36 115701 108.405 2.557 0.008 0.005 107.905 85.046
1 115 1 0 37 0 0.000 0.514 25.244 27.874 0.000 -0.000
1 116 1 0 38 0 0.000 0.514 25.244 27.874 0.000 -0.000
1 117 1 1 0 115701 110.742 1.582 0.005 0.003 110.242 213.965
1 118 1 1 1 115701 141.611 1.665 0.005 0.003 141.111 153.997
1 119 1 1 2 115701 121.320 1.680 0.005 0.003 120.820 194.792
1 120 1 1 3 115701 109.112 1.816 0.005 0.004 108.612 169.657
1 121 1 1 4 115701 143.750 1.670 0.005 0.003 143.250 186.884
1 122 1 1 5 115701 97.268 1.680 0.005 0.003 96.768 490.138
1 123 1 1 6 115701 104.690 1.659 0.005 0.003 104.190 173.037
1 124 1 1 7 115701 89.272 1.662 0.005 0.003 88.772 209.817
1 125 1 1 8 0 0.000 0.514 25.244 27.874 0.000 -0.000
1 126 1 1 9 115701 114.244 1.675 0.005 0.003 113.744 191.617
1 127 1 1 10 115701 153.974 1.673 0.005 0.003 153.474 214.915
1 128 1 1 11 115701 108.747 1.714 0.005 0.004 108.247 278.629
1 129 1 1 12 115701 89.278 1.716 0.005 0.004 88.778 249.020
1 130 1 1 13 115701 128.068 1.574 0.005 0.003 127.568 20317.146
1 131 1 1 14 115701 119.604 1.753 0.005 0.004 119.104 258.367
1 132 1 1 15 115701 135.043 1.737 0.005 0.004 134.543 226.623
1 133 1 1 16 115701 119.908 1.808 0.005 0.004 119.408 336.948
1 134 1 1 17 0 0.000 0.514 25.244 27.874 0.000 -0.000
1 135 1 1 18 0 0.000 0.514 25.244 27.874 0.000 -0.000
1 136 1 1 19 0 0.000 0.514 25.244 27.874 0.000 -0.000
1 137 1 1 20 115701 98.674 1.594 0.005 0.003 98.174 1279.441
1 138 1 1 21 115701 97.239 1.757 0.005 0.004 96.739 715.001
1 139 1 1 22 115701 138.058 1.870 0.005 0.004 137.558 335.035
1 140 1 1 23 115701 104.134 1.933 0.006 0.004 103.634 231.959
1 141 1 1 24 115701 116.616 1.781 0.005 0.004 116.116 289.789
1 142 1 1 25 115701 106.642 1.669 0.005 0.003 106.142 241.708
1 143 1 1 26 115701 120.631 1.765 0.005 0.004 120.131 216.466
1 144 1 1 27 115701 148.816 1.830 0.005 0.004 148.316 158.405
1 145 1 1 28 0 0.000 0.514 25.244 27.874 0.000 -0.000
1 146 1 1 29 115701 81.610 1.917 0.006 0.004 81.110 290.170
1 147 1 1 30 115701 0.000 0.514 25.244 27.874 1.000 -0.000
1 148 1 1 31 115701 109.255 2.205 0.006 0.005 108.755 168.288
1 149 1 1 32 115701 114.555 2.196 0.006 0.005 114.055 134.332
1 150 1 1 33 115701 147.425 2.300 0.007 0.005 146.925 118.350
1 151 1 1 34 115701 137.720 1.948 0.006 0.004 137.220 153.778
1 152 1 1 35 115701 121.451 0.918 0.003 0.002 120.951 345.124
1 153 1 1 36 115701 112.663 2.461 0.007 0.005 112.163 80.121
1 154 1 1 37 0 0.000 0.514 25.244 27.874 0.000 -0.000
1 155 1 1 38 0 0.000 0.514 25.244 27.874 0.000 -0.000
1 156 2 0 0 115701 130.422 1.562 0.005 0.003 129.922 9359.433
1 157 2 0 1 115701 92.182 1.886 0.006 0.004 91.682 226.239
1 158 2 0 2 115701 82.765 1.609 0.005 0.003 82.265 167.440
1 159 2 0 3 115701 92.435 1.929 0.006 0.004 91.935 298.159
1 160 2 0 4 115701 113.989 1.404 0.004 0.003 113.489 186.833
1 161 2 0 5 115701 90.291 2.079 0.006 0.004 89.791 278.890
1 162 2 0 6 115701 103.993 2.183 0.006 0.005 103.493 386.509
1 163 2 0 7 115701 70.842 1.835 0.005 0.004 70.342 313.381
1 164 2 0 8 0 0.000 0.514 25.244 27.874 0.000 -0.000
1 165 2 0 9 115701 96.522 1.849 0.005 0.004 96.022 680.302
1 166 2 0 10 115701 103.056 1.795 0.005 0.004 102.556 181.515
1 167 2 0 11 115701 62.572 2.086 0.006 0.004 62.072 616.470
1 168 2 0 12 115701 103.973 1.640 0.005 0.003 103.473 202.614
1 169 2 0 13 115701 105.744 1.574 0.005 0.003 105.244 268.444
1 170 2 0 14 115701 61.632 1.688 0.005 0.004 61.132 840.516
1 171 2 0 15 115701 110.521 0.067 0.000 1.511 110.000 -30036.820
1 172 2 0 16 115701 122.222 1.784 0.005 0.004 121.722 525.456
1 173 2 0 17 0 0.000 0.514 25.244 27.874 0.000 -0.000
1 174 2 0 18 0 0.000 0.514 25.244 27.874 0.000 -0.000
1 175 2 0 19 0 0.000 0.514 25.244 27.874 0.000 -0.000
1 176 2 0 20 115701 104.843 0.914 0.003 0.002 104.343 2033.447
1 177 2 0 21 115701 81.545 0.913 0.003 0.002 81.045 2200.579
1 178 2 0 22 115701 91.242 1.623 0.005 0.003 90.742 727.547
1 179 2 0 23 115701 80.751 1.934 0.006 0.004 80.251 464.080
1 180 2 0 24 115701 87.843 1.718 0.005 0.004 87.343 522.831
1 181 2 0 25 115701 94.226 1.359 0.004 0.003 93.726 1091.118
1 182 2 0 26 115701 105.452 1.945 0.006 0.004 104.952 442.589
1 183 2 0 27 115701 84.351 2.141 0.006 0.004 83.851 292.118
1 184 2 0 28 0 0.000 0.514 25.244 27.874 0.000 -0.000
1 185 2 0 29 115701 87.885 1.709 0.005 0.004 87.385 101.509
1 186 2 0 30 115701 72.492 1.825 0.005 0.004 71.992 231.594
1 187 2 0 31 115701 98.098 1.719 0.005 0.004 97.598 287.520
1 188 2 0 32 115701 71.391 1.748 0.005 0.004 70.891 176.073
1 189 2 0 33 115701 65.631 2.461 0.007 0.000 65.128 3450.271
1 190 2 0 34 115701 123.077 1.915 0.006 0.004 122.577 769.238
1 191 2 0 35 115701 66.935 1.786 0.005 0.004 66.435 858.941
1 192 2 0 36 115701 90.177 1.821 0.005 0.004 89.677 269.690
1 193 2 0 37 0 0.000 0.514 25.244 27.874 0.000 -0.000
1 194 2 0 38 0 0.000 0.514 25.244 27.874 0.000 -0.000
1 195 2 1 0 115701 71.323 1.623 0.005 0.003 70.823 177.746
1 196 2 1 1 115701 58.956 1.606 0.005 0.003 58.456 134.432
1 197 2 1 2 115701 93.261 1.645 0.005 0.003 92.761 213.031
1 198 2 1 3 115701 78.786 1.511 0.004 0.003 78.286 208.022
1 199 2 1 4 115701 83.491 1.616 0.005 0.003 82.991 164.178
1 200 2 1 5 115701 58.534 1.564 0.005 0.003 58.034 229.421
1 201 2 1 6 115701 101.487 1.669 0.005 0.003 100.987 168.516
1 202 2 1 7 115701 65.362 1.452 0.004 0.003 64.862 1023.544
1 203 2 1 8 0 0.000 0.514 25.244 27.874 0.000 -0.000
1 204 2 1 9 115701 107.925 1.572 0.005 0.003 107.425 300.610
1 205 2 1 10 115701 101.787 1.708 0.005 0.004 101.287 205.989
1 206 2 1 11 115701 108.153 1.652 0.005 0.003 107.653 264.541
1 207 2 1 12 115701 96.344 1.631 0.005 0.003 95.844 319.633
1 208 2 1 13 115701 89.230 1.587 0.005 0.003 88.730 238.523
1 209 2 1 14 115701 65.184 1.587 0.005 0.003 64.684 794.954
1 210 2 1 15 115701 42.609 1.642 0.005 0.003 42.109 477.446
1 211 2 1 16 115701 119.855 1.741 0.005 0.004 119.355 468.525
1 212 2 1 17 0 0.000 0.514 25.244 27.874 0.000 -0.000
1 213 2 1 18 0 0.000 0.514 25.244 27.874 0.000 -0.000
1 214 2 1 19 0 0.000 0.514 25.244 27.874 0.000 -0.000
1 215 2 1 20 115701 64.226 1.490 0.004 0.003 63.726 1812.553
1 216 2 1 21 115701 94.273 1.635 0.005 0.003 93.773 978.830
1 217 2 1 22 115701 115.914 1.766 0.005 0.004 115.414 485.046
1 218 2 1 23 115701 154.602 1.695 0.005 0.004 154.102 335.703
1 219 2 1 24 115701 98.909 1.624 0.005 0.003 98.409 412.538
1 220 2 1 25 115701 80.447 1.486 0.004 0.003 79.947 185.373
1 221 2 1 26 115701 70.492 1.647 0.005 0.003 69.992 265.345
1 222 2 1 27 115701 110.012 1.647 0.005 0.003 109.512 268.589
1 223 2 1 28 0 0.000 0.514 25.244 27.874 0.000 -0.000
1 224 2 1 29 115701 104.877 1.788 0.005 0.004 104.377 156.851
1 225 2 1 30 115701 103.474 1.896 0.006 0.004 102.974 137.080
1 226 2 1 31 115701 104.097 1.890 0.006 0.004 103.597 164.738
1 227 2 1 32 115701 91.999 2.060 0.006 0.004 91.499 149.067
1 228 2 1 33 115701 120.713 1.846 0.005 0.004 120.213 185.344
1 229 2 1 34 115701 93.448 1.771 0.005 0.004 92.948 372.799
1 230 2 1 35 115701 111.993 1.697 0.005 0.004 111.493 195.599
1 231 2 1 36 115701 117.154 1.862 0.005 0.004 116.654 203.091
1 232 2 1 37 0 0.000 0.514 25.244 27.874 0.000 -0.000
1 233 2 1 38 0 0.000 0.514 25.244 27.874 0.000 -0.000
