0 0 0 0 0 109241 82.552 3.397 0.000 0.000 82.546 2342.489
0 1 0 0 1 109241 83.018 3.414 0.010 0.013 82.524 1831.432
0 2 0 0 2 109241 79.553 3.089 0.009 56.772 79.410 767.982
0 3 0 0 3 109241 77.845 3.522 0.011 0.002 77.881 1841.111
0 4 0 0 4 109241 83.151 2.265 0.007 0.007 82.745 754.858
0 5 0 0 5 109241 77.406 2.341 0.007 0.005 76.908 183.091
0 6 0 0 6 109241 178.369 2.382 0.007 0.005 177.876 154.210
0 7 0 0 7 109241 79.240 2.783 0.008 0.000 78.740 1685.955
0 8 0 0 8 0 0.000 0.514 25.244 27.874 0.000 -0.000
0 9 0 0 9 109241 47.296 2.382 0.007 0.008 46.827 1156.787
0 10 0 0 10 109241 70.940 3.530 0.011 0.012 70.442 823.534
0 11 0 0 11 109241 137.124 2.115 0.006 0.000 136.947 407.557
0 12 0 0 12 109241 75.520 3.064 0.004 87.912 75.354 579.009
0 13 0 0 13 109241 77.473 3.558 0.012 0.012 77.448 1439.057
0 14 0 0 14 109241 75.752 3.730 0.011 0.012 75.179 1067.447
0 15 0 0 15 109241 83.349 3.016 0.037 56.225 82.842 735.901
0 16 0 0 16 109241 78.345 2.962 0.009 0.000 77.974 634.182
0 17 0 0 17 0 0.000 0.514 25.244 27.874 0.000 -0.000
0 18 0 0 18 0 0.000 0.514 25.244 27.874 0.000 -0.000
0 19 0 0 19 0 0.000 0.514 25.244 27.874 0.000 -0.000
0 20 0 0 20 109241 175.958 1.842 0.006 0.004 175.459 424.698
0 21 0 0 21 109241 85.820 2.909 0.009 0.009 85.320 979.852
0 22 0 0 22 109241 67.358 3.518 0.061 0.231 67.336 11082.418
0 23 0 0 23 109241 82.423 3.401 0.010 0.000 81.928 2138.889
0 24 0 0 24 109241 84.442 2.650 0.008 0.000 83.965 1286.250
0 25 0 0 25 109241 84.099 2.870 0.009 0.000 84.069 14667.362
0 26 0 0 26 109241 79.414 3.532 0.011 0.000 79.393 989.780
0 27 0 0 27 109241 78.929 2.311 0.007 0.005 78.429 393.413
0 28 0 0 28 0 0.000 0.514 25.244 27.874 0.000 -0.000
0 29 0 0 29 109241 99.632 2.365 0.007 0.005 99.134 323.932
0 30 0 0 30 109241 85.282 3.405 0.010 0.000 84.809 602.044
0 31 0 0 31 109241 90.747 3.184 0.010 0.000 90.325 1553.104
0 32 0 0 32 109241 105.760 2.718 0.008 0.000 105.446 529.018
0 33 0 0 33 109241 80.443 3.298 0.010 0.000 80.403 1994.112
0 34 0 0 34 109241 84.528 2.407 0.007 0.005 84.028 177.272
0 35 0 0 35 109241 85.118 3.460 0.010 0.000 84.623 2498.833
0 36 0 0 36 109241 90.253 2.093 0.006 0.004 89.758 201.945
0 37 0 0 37 0 0.000 0.514 25.244 27.874 0.000 -0.000
0 38 0 0 38 0 0.000 0.514 25.244 27.874 0.000 -0.000
0 39 0 1 0 109241 90.618 3.346 0.000 0.000 89.973 2519.614
0 40 0 1 1 109241 89.088 3.281 0.010 0.000 88.723 1335.782
0 41 0 1 2 109241 83.245 3.446 0.010 0.009 82.774 1067.868
0 42 0 1 3 109241 191.394 2.158 0.007 0.005 191.071 425.986
0 43 0 1 4 109241 88.712 3.214 0.010 0.000 88.240 1206.597
0 44 0 1 5 109241 85.173 3.389 0.010 0.000 85.265 1408.996
0 45 0 1 6 109241 87.782 3.319 0.010 0.000 87.314 678.972
0 46 0 1 7 109241 89.086 3.358 0.010 0.000 88.612 886.979
0 47 0 1 8 0 0.000 0.514 25.244 27.874 0.000 -0.000
0 48 0 1 9 109241 82.702 3.550 0.011 0.000 82.394 1110.150
0 49 0 1 10 109241 80.242 3.643 0.011 0.009 79.881 794.704
0 50 0 1 11 109241 85.625 3.410 0.010 0.007 85.416 813.171
0 51 0 1 12 109241 85.320 3.543 0.011 0.008 85.002 480.569
0 52 0 1 13 109241 85.803 3.316 0.010 0.000 85.678 1101.765
0 53 0 1 14 109241 82.730 3.841 0.012 0.008 82.301 608.107
0 54 0 1 15 109241 84.390 3.407 0.010 0.000 83.999 954.457
0 55 0 1 16 109241 87.910 3.362 0.010 0.008 87.423 717.705
0 56 0 1 17 0 0.000 0.514 25.244 27.874 0.000 -0.000
0 57 0 1 18 0 0.000 0.514 25.244 27.874 0.000 -0.000
0 58 0 1 19 0 0.000 0.514 25.244 27.874 0.000 -0.000
0 59 0 1 20 109241 87.908 2.980 0.009 0.009 87.490 1136.278
0 60 0 1 21 109241 84.358 3.431 0.010 0.002 84.386 1867.412
0 61 0 1 22 109241 85.960 3.443 0.008 55.632 85.989 1577.994
0 62 0 1 23 109241 87.243 3.407 0.010 0.000 86.759 2587.071
0 63 0 1 24 109241 87.924 3.005 0.011 0.022 87.733 914.143
0 64 0 1 25 109241 89.012 3.154 0.007 56.729 89.008 2252.700
0 65 0 1 26 109241 90.351 3.333 0.010 0.006 90.346 1447.502
0 66 0 1 27 109241 89.561 2.342 0.007 0.005 89.063 379.589
0 67 0 1 28 0 0.000 0.514 25.244 27.874 0.000 -0.000
0 68 0 1 29 109241 90.067 2.145 0.006 0.005 89.567 251.174
0 69 0 1 30 109241 92.388 2.727 0.008 0.000 91.897 451.813
0 70 0 1 31 109241 84.397 2.268 0.007 0.005 83.898 296.140
0 71 0 1 32 109241 93.100 2.710 0.001 54.756 92.827 350.382
0 72 0 1 33 109241 86.236 3.253 0.001 63.926 86.148 1573.506
0 73 0 1 34 109241 87.751 2.458 0.007 0.006 87.285 389.972
0 74 0 1 35 109241 94.898 2.091 0.006 0.000 94.513 592.798
0 75 0 1 36 109241 94.902 2.820 0.009 0.000 94.903 1765.499
0 76 0 1 37 0 0.000 0.514 25.244 27.874 0.000 -0.000
0 77 0 1 38 0 0.000 0.514 25.244 27.874 0.000 -0.000
0 78 1 0 0 109241 90.050 2.946 0.009 0.011 89.982 1964.873
0 79 1 0 1 109241 87.403 2.392 0.013 76.604 86.989 486.634
0 80 1 0 2 109241 86.534 2.676 0.008 0.000 86.528 545.082
0 81 1 0 3 109241 87.456 3.319 0.010 0.013 87.148 2735.295
0 82 1 0 4 109241 82.502 3.087 0.000 0.010 81.966 1291.538
0 83 1 0 5 109241 82.831 2.105 0.006 0.005 82.331 201.288
0 84 1 0 6 109241 90.068 2.374 0.007 0.000 90.090 5721.755
0 85 1 0 7 109241 85.193 1.880 0.006 0.004 84.693 381.589
0 86 1 0 8 0 0.000 0.514 25.244 27.874 0.000 -0.000
0 87 1 0 9 109241 172.659 1.738 0.005 0.004 172.163 303.679
0 88 1 0 10 109241 83.710 2.722 0.008 0.005 83.212 539.032
0 89 1 0 11 109241 82.291 1.751 0.005 0.004 81.793 321.714
0 90 1 0 12 109241 86.314 2.914 0.009 0.005 85.816 951.887
0 91 1 0 13 109241 85.212 3.385 0.010 0.000 85.218 2355.824
0 92 1 0 14 109241 84.861 3.337 0.010 0.010 84.371 1098.715
0 93 1 0 15 109241 86.710 3.029 0.009 0.000 86.185 1398.850
0 94 1 0 16 109241 83.868 3.220 0.010 0.010 83.367 690.804
0 95 1 0 17 0 0.000 0.514 25.244 27.874 0.000 -0.000
0 96 1 0 18 0 0.000 0.514 25.244 27.874 0.000 -0.000
0 97 1 0 19 0 0.000 0.514 25.244 27.874 0.000 -0.000
0 98 1 0 20 109241 69.977 2.529 0.008 0.005 69.382 277.415
0 99 1 0 21 109241 86.555 3.218 0.010 0.000 86.055 1898.395
0 100 1 0 22 109241 87.758 3.295 0.008 0.008 87.791 5960.193
0 101 1 0 23 109241 83.107 2.894 0.008 54.037 82.992 1195.575
0 102 1 0 24 109241 86.313 2.469 0.007 0.000 85.815 1072.629
0 103 1 0 25 109241 86.932 2.039 0.006 0.000 86.758 2114.526
0 104 1 0 26 109241 85.133 2.557 0.008 0.005 84.634 332.315
0 105 1 0 27 109241 82.741 2.473 0.007 0.005 82.241 414.509
0 106 1 0 28 0 0.000 0.514 25.244 27.874 0.000 -0.000
0 107 1 0 29 109241 89.662 2.878 0.009 0.000 89.171 860.009
0 108 1 0 30 109241 94.146 3.255 0.010 0.000 94.084 1138.473
0 109 1 0 31 109241 90.240 3.094 0.009 0.012 89.716 2186.770
0 110 1 0 32 109241 91.080 2.346 0.007 0.006 90.586 370.108
0 111 1 0 33 109241 84.146 2.840 0.000 4.933 83.617 960.429
0 112 1 0 34 109241 84.038 3.255 0.010 0.012 83.656 1520.164
0 113 1 0 35 109241 88.503 2.777 0.018 0.017 88.021 604.230
0 114 1 0 36 109241 89.555 2.277 0.007 0.005 89.057 159.744
0 115 1 0 37 0 0.000 0.514 25.244 27.874 0.000 -0.000
0 116 1 0 38 0 0.000 0.514 25.244 27.874 0.000 -0.000
0 117 1 1 0 109241 84.980 3.464 0.010 0.009 84.595 2167.221
0 118 1 1 1 109241 86.653 3.451 0.007 69.525 86.665 2245.936
0 119 1 1 2 109241 82.857 3.447 0.010 0.000 82.368 1656.375
0 120 1 1 3 109241 79.738 3.158 0.010 0.000 79.257 1390.995
0 121 1 1 4 109241 82.202 3.566 0.032 66.314 81.744 1835.005
0 122 1 1 5 109241 87.518 1.080 0.003 0.002 87.018 372.795
0 123 1 1 6 109241 80.339 3.564 0.006 0.006 79.875 1313.359
0 124 1 1 7 109241 81.918 3.440 0.010 0.000 81.731 1251.327
0 125 1 1 8 0 0.000 0.514 25.244 27.874 0.000 -0.000
0 126 1 1 9 109241 75.685 3.739 0.011 0.000 75.817 2135.138
0 127 1 1 10 109241 78.560 3.579 0.011 0.000 78.348 1104.875
0 128 1 1 11 109241 81.121 3.438 0.011 0.008 81.243 1602.049
0 129 1 1 12 109241 81.921 3.551 0.011 0.008 81.667 721.697
0 130 1 1 13 109241 84.277 3.147 0.010 0.001 83.847 1420.624
0 131 1 1 14 109241 81.742 3.574 0.011 0.008 81.416 650.422
0 132 1 1 15 109241 0.000 0.514 25.244 27.874 512.000 -0.000
0 133 1 1 16 109241 189.730 2.376 0.007 0.005 189.319 189.402
0 134 1 1 17 0 0.000 0.514 25.244 27.874 0.000 -0.000
0 135 1 1 18 0 0.000 0.514 25.244 27.874 0.000 -0.000
0 136 1 1 19 0 0.000 0.514 25.244 27.874 0.000 -0.000
0 137 1 1 20 109241 81.137 3.434 0.000 0.000 80.648 1928.891
0 138 1 1 21 109241 81.243 3.457 0.010 0.010 80.698 1765.040
0 139 1 1 22 109241 76.080 3.706 0.011 0.008 75.581 1089.640
0 140 1 1 23 109241 78.559 3.293 0.010 0.000 78.063 1381.262
0 141 1 1 24 109241 76.849 3.059 0.009 0.004 76.354 585.052
0 142 1 1 25 109241 79.868 3.526 0.011 0.000 79.855 3928.681
0 143 1 1 26 109241 81.929 3.336 0.010 0.000 81.413 1509.357
0 144 1 1 27 109241 83.444 3.169 0.010 0.010 82.920 1294.579
0 145 1 1 28 0 0.000 0.514 25.244 27.874 0.000 -0.000
0 146 1 1 29 109241 82.110 3.332 0.010 0.000 81.651 2453.664
0 147 1 1 30 109241 84.146 2.467 0.007 0.005 83.648 233.043
0 148 1 1 31 109241 78.587 2.462 0.007 0.006 78.089 391.342
0 149 1 1 32 109241 79.973 3.493 0.136 0.034 79.909 1303.469
0 150 1 1 33 109241 81.164 3.333 0.001 9.070 81.138 2119.625
0 151 1 1 34 109241 80.987 3.360 0.000 0.015 80.497 2714.781
0 152 1 1 35 109241 84.495 3.450 0.000 0.000 84.000 3863.860
0 153 1 1 36 109241 84.004 3.025 0.009 0.000 83.963 1639.501
0 154 1 1 37 0 0.000 0.514 25.244 27.874 0.000 -0.000
0 155 1 1 38 0 0.000 0.514 25.244 27.874 0.000 -0.000
0 156 2 0 0 109241 82.653 3.527 0.011 0.000 82.657 3206.716
0 157 2 0 1 109241 80.759 2.013 0.006 0.004 80.259 232.921
0 158 2 0 2 109241 75.411 3.273 0.010 0.000 75.351 2003.118
0 159 2 0 3 109241 78.218 3.021 0.009 0.000 78.180 1481.925
0 160 2 0 4 109241 82.426 1.649 0.005 0.004 81.926 122.312
0 161 2 0 5 109241 74.233 3.255 0.009 21.124 74.167 1248.915
0 162 2 0 6 109241 73.146 3.771 0.000 0.000 72.611 800.417
0 163 2 0 7 109241 80.232 1.993 0.006 0.004 79.732 161.163
0 164 2 0 8 0 0.000 0.514 25.244 27.874 0.000 -0.000
0 165 2 0 9 109241 80.599 3.480 0.009 0.003 80.566 6486.766
0 166 2 0 10 109241 72.080 2.849 0.009 0.006 71.580 165.640
0 167 2 0 11 109241 83.500 0.000 0.000 0.000 83.000 -14212253745.185
0 168 2 0 12 109241 78.764 3.185 0.010 0.000 78.263 740.404
0 169 2 0 13 109241 86.068 0.898 0.003 0.002 85.568 520.421
0 170 2 0 14 109241 73.247 3.305 0.010 0.000 73.217 1141.667
0 171 2 0 15 109241 87.428 1.006 0.003 0.002 86.928 348.346
0 172 2 0 16 109241 77.618 3.452 0.011 0.000 77.636 1791.590
0 173 2 0 17 0 0.000 0.514 25.244 27.874 0.000 -0.000
0 174 2 0 18 0 0.000 0.514 25.244 27.874 0.000 -0.000
0 175 2 0 19 0 0.000 0.514 25.244 27.874 0.000 -0.000
0 176 2 0 20 109241 80.497 0.011 0.000 0.871 80.000 -109572.017
0 177 2 0 21 109241 78.846 1.768 0.005 0.004 78.346 343.670
0 178 2 0 22 109241 73.501 0.021 0.000 6.181 73.000 -264757.342
0 179 2 0 23 109241 74.629 2.219 0.007 0.005 74.129 269.243
0 180 2 0 24 109241 77.673 3.108 0.009 0.000 77.179 2595.123
0 181 2 0 25 109241 82.038 2.140 0.006 0.000 81.893 3564.213
0 182 2 0 26 109241 71.515 3.329 0.010 0.007 70.864 322.052
0 183 2 0 27 109241 74.639 3.632 0.001 10.072 74.417 2534.524
0 184 2 0 28 0 0.000 0.514 25.244 27.874 0.000 -0.000
0 185 2 0 29 109241 80.358 2.834 0.003 95.906 80.209 1176.031
0 186 2 0 30 109241 78.512 3.324 0.011 0.011 78.513 1282.963
0 187 2 0 31 109241 85.773 2.641 0.008 0.008 85.659 1004.073
0 188 2 0 32 109241 83.493 2.336 0.007 0.002 83.158 399.159
0 189 2 0 33 109241 69.815 0.918 0.003 0.002 69.315 668.648
0 190 2 0 34 109241 79.944 2.804 0.008 0.002 79.445 788.418
0 191 2 0 35 109241 186.778 1.915 0.006 0.004 186.281 272.222
0 192 2 0 36 109241 84.944 2.949 0.053 59.322 84.439 1628.413
0 193 2 0 37 0 0.000 0.514 25.244 27.874 0.000 -0.000
0 194 2 0 38 0 0.000 0.514 25.244 27.874 0.000 -0.000
0 195 2 1 0 109241 85.150 3.073 0.007 63.557 85.018 1120.666
0 196 2 1 1 109241 88.160 3.413 0.010 0.000 88.201 1672.784
0 197 2 1 2 109241 80.613 3.551 0.000 0.010 80.135 1075.601
0 198 2 1 3 109241 84.948 3.470 0.011 0.000 84.828 1052.690
0 199 2 1 4 109241 82.540 3.326 0.011 0.020 82.425 654.277
0 200 2 1 5 109241 85.791 3.457 0.010 0.010 85.343 1220.011
0 201 2 1 6 109241 80.913 3.608 0.011 0.009 80.429 729.876
0 202 2 1 7 109241 87.121 3.257 0.010 0.000 86.976 450.961
0 203 2 1 8 0 0.000 0.514 25.244 27.874 0.000 -0.000
0 204 2 1 9 109241 77.608 3.684 0.121 72.419 77.264 1056.336
0 205 2 1 10 109241 83.414 3.621 0.011 0.008 83.079 370.576
0 206 2 1 11 109241 80.447 3.607 0.000 0.009 80.192 938.689
0 207 2 1 12 109241 78.044 3.987 0.012 0.009 77.666 393.579
0 208 2 1 13 109241 81.234 3.510 0.011 0.000 80.730 1097.019
0 209 2 1 14 109241 190.553 3.079 0.009 0.007 190.221 157.201
0 210 2 1 15 109241 80.974 3.549 0.011 0.000 80.826 924.718
0 211 2 1 16 109241 78.672 3.524 0.011 0.000 78.196 333.055
0 212 2 1 17 0 0.000 0.514 25.244 27.874 0.000 -0.000
0 213 2 1 18 0 0.000 0.514 25.244 27.874 0.000 -0.000
0 214 2 1 19 0 0.000 0.514 25.244 27.874 0.000 -0.000
0 215 2 1 20 109241 81.019 3.494 0.027 98.219 80.849 2014.631
0 216 2 1 21 109241 80.604 3.451 0.010 0.000 80.616 2195.113
0 217 2 1 22 109241 76.970 2.495 0.008 0.005 76.478 178.633
0 218 2 1 23 109241 80.971 3.361 0.010 0.000 80.475 2179.870
0 219 2 1 24 109241 81.278 3.511 0.011 0.013 80.749 1589.179
0 220 2 1 25 109241 80.339 3.330 0.158 0.137 80.253 3203.144
0 221 2 1 26 109241 77.144 3.566 0.003 7.676 77.071 1298.815
0 222 2 1 27 109241 85.278 3.144 0.010 0.010 84.713 1047.952
0 223 2 1 28 0 0.000 0.514 25.244 27.874 0.000 -0.000
0 224 2 1 29 109241 81.168 2.252 0.007 0.005 80.668 197.774
0 225 2 1 30 109241 81.450 2.938 0.005 0.000 80.954 175.921
0 226 2 1 31 109241 83.331 2.412 0.007 0.005 82.831 148.621
0 227 2 1 32 109241 84.290 2.626 0.008 0.006 83.790 87.322
0 228 2 1 33 109241 88.592 2.725 0.101 94.703 88.096 330.261
0 229 2 1 34 109241 91.515 3.317 0.010 0.012 91.068 1708.364
0 230 2 1 35 109241 94.592 1.244 0.004 0.000 94.425 911684.900
0 231 2 1 36 109241 97.486 2.934 0.003 0.009 97.005 942.323
0 232 2 1 37 0 0.000 0.514 25.244 27.874 0.000 -0.000
0 233 2 1 38 0 0.000 0.514 25.244 27.874 0.000 -0.000
1 0 0 0 0 109241 93.931 3.268 0.010 0.000 93.936 5872.504
1 1 0 0 1 109241 94.767 0.837 0.003 0.002 94.267 719.476
1 2 0 0 2 109241 95.047 2.973 0.009 60.868 94.581 3163.175
1 3 0 0 3 109241 94.006 2.453 0.007 0.008 93.481 1633.186
1 4 0 0 4 109241 93.786 2.096 0.004 15.778 93.694 3724.613
1 5 0 0 5 109241 96.847 2.299 0.007 0.000 96.351 664.081
1 6 0 0 6 109241 93.557 1.861 0.006 0.004 93.057 433.874
1 7 0 0 7 109241 93.972 1.578 0.005 0.003 93.472 503.640
1 8 0 0 8 0 0.000 0.514 25.244 27.874 0.000 -0.000
1 9 0 0 9 109241 60.832 1.548 0.005 0.003 60.335 321.153
1 10 0 0 10 109241 94.141 3.203 0.007 68.644 93.754 4053.140
1 11 0 0 11 109241 93.285 3.122 0.009 0.000 93.331 15821.124
1 12 0 0 12 109241 94.731 1.708 0.003 12.126 94.588 928.114
1 13 0 0 13 109241 93.690 3.031 0.009 0.014 93.191 5304.555
1 14 0 0 14 109241 93.300 2.969 0.009 0.000 93.345 3661.207
1 15 0 0 15 109241 93.843 2.935 0.009 0.000 93.344 4279.315
1 16 0 0 16 109241 94.632 2.850 0.009 0.000 94.101 3135.435
1 17 0 0 17 0 0.000 0.514 25.244 27.874 0.000 -0.000
1 18 0 0 18 0 0.000 0.514 25.244 27.874 0.000 -0.000
1 19 0 0 19 0 0.000 0.514 25.244 27.874 0.000 -0.000
1 20 0 0 20 109241 94.707 1.914 0.000 0.006 94.197 2537.759
1 21 0 0 21 109241 94.210 2.916 0.004 0.002 94.197 4526.942
1 22 0 0 22 109241 93.641 2.884 0.009 0.000 93.620 11814.026
1 23 0 0 23 109241 97.414 1.847 0.006 0.004 96.914 576.590
1 24 0 0 24 109241 95.119 1.828 0.006 0.005 94.825 1398.057
1 25 0 0 25 109241 94.595 1.632 0.002 0.001 94.094 2786.076
1 26 0 0 26 109241 94.133 3.071 0.009 0.000 94.080 3804.281
1 27 0 0 27 109241 92.790 1.968 0.006 0.004 92.290 550.828
1 28 0 0 28 0 0.000 0.514 25.244 27.874 0.000 -0.000
1 29 0 0 29 109241 203.089 2.090 0.006 0.004 202.600 398.961
1 30 0 0 30 109241 93.251 3.154 0.010 0.000 93.221 4414.095
1 31 0 0 31 109241 93.105 3.129 0.009 0.000 93.057 4648.099
1 32 0 0 32 109241 93.932 2.687 0.008 0.000 93.442 739.137
1 33 0 0 33 109241 92.922 1.865 0.006 0.004 92.425 533.360
1 34 0 0 34 109241 93.974 1.920 0.006 0.004 93.475 579.109
1 35 0 0 35 109241 94.669 3.030 0.009 0.015 94.210 4294.822
1 36 0 0 36 109241 93.263 2.452 0.007 0.001 92.765 1770.140
1 37 0 0 37 0 0.000 0.514 25.244 27.874 0.000 -0.000
1 38 0 0 38 0 0.000 0.514 25.244 27.874 0.000 -0.000
1 39 0 1 0 109241 86.148 3.435 0.020 64.436 85.694 4046.177
1 40 0 1 1 109241 84.546 3.377 0.013 0.017 84.533 2914.692
1 41 0 1 2 109241 89.306 3.144 0.010 0.000 88.769 2021.247
1 42 0 1 3 109241 85.486 3.384 0.010 0.010 85.053 2966.851
1 43 0 1 4 109241 85.215 3.460 0.004 94.762 85.215 4280.618
1 44 0 1 5 109241 87.498 3.221 0.010 0.009 87.569 3091.930
1 45 0 1 6 109241 87.704 3.266 0.076 56.293 87.245 2669.859
1 46 0 1 7 109241 84.892 3.389 0.010 0.011 84.566 2805.115
1 47 0 1 8 0 0.000 0.514 25.244 27.874 0.000 -0.000
1 48 0 1 9 109241 83.155 3.464 0.010 0.000 83.217 3637.856
1 49 0 1 10 109241 86.797 3.432 0.010 0.012 86.426 3685.330
1 50 0 1 11 109241 85.949 3.417 0.010 0.000 86.218 3420.487
1 51 0 1 12 109241 85.034 3.443 0.010 0.000 85.109 3128.682
1 52 0 1 13 109241 86.126 3.466 0.010 0.000 86.105 4012.407
1 53 0 1 14 109241 85.702 3.476 0.011 0.000 85.748 3539.650
1 54 0 1 15 109241 88.937 3.365 0.010 0.000 88.864 3370.065
1 55 0 1 16 109241 88.730 3.394 0.010 0.011 88.337 3441.720
1 56 0 1 17 0 0.000 0.514 25.244 27.874 0.000 -0.000
1 57 0 1 18 0 0.000 0.514 25.244 27.874 0.000 -0.000
1 58 0 1 19 0 0.000 0.514 25.244 27.874 0.000 -0.000
1 59 0 1 20 109241 83.726 3.472 0.011 0.015 83.220 9711.560
1 60 0 1 21 109241 86.764 3.430 0.010 0.000 86.270 5179.553
1 61 0 1 22 109241 87.288 3.275 0.010 0.000 86.755 3688.587
1 62 0 1 23 109241 86.955 3.339 0.020 0.007 86.571 4831.170
1 63 0 1 24 109241 85.309 3.053 0.009 0.009 84.818 3401.124
1 64 0 1 25 109241 82.352 3.277 0.002 5.182 82.386 6835.766
1 65 0 1 26 109241 86.846 3.208 0.000 0.000 86.349 3576.232
1 66 0 1 27 109241 86.501 2.957 0.000 0.012 86.040 2594.191
1 67 0 1 28 0 0.000 0.514 25.244 27.874 0.000 -0.000
1 68 0 1 29 109241 85.839 3.242 0.088 97.166 85.340 4855.116
1 69 0 1 30 109241 89.238 2.704 0.008 0.009 88.593 1329.369
1 70 0 1 31 109241 88.349 2.062 0.006 0.004 87.849 81.134
1 71 0 1 32 109241 86.005 2.139 0.006 0.005 85.505 128.851
1 72 0 1 33 109241 88.974 3.076 0.031 51.437 88.471 2720.280
1 73 0 1 34 109241 86.471 3.437 0.030 93.924 85.973 5639.907
1 74 0 1 35 109241 80.921 2.690 0.008 0.000 80.856 2364.242
1 75 0 1 36 109241 197.812 1.931 0.006 0.004 197.316 95.833
1 76 0 1 37 0 0.000 0.514 25.244 27.874 0.000 -0.000
1 77 0 1 38 0 0.000 0.514 25.244 27.874 0.000 -0.000
1 78 1 0 0 109241 91.613 3.163 0.010 0.000 91.119 3353.152
1 79 1 0 1 109241 93.443 2.210 0.007 0.000 93.400 913.884
1 80 1 0 2 109241 94.917 3.185 0.027 98.331 94.658 3639.305
1 81 1 0 3 109241 95.927 1.853 0.006 0.004 95.427 536.227
1 82 1 0 4 109241 93.526 2.619 0.008 0.000 93.006 1567.888
1 83 1 0 5 109241 207.975 1.873 0.006 0.004 207.481 90.958
1 84 1 0 6 109241 95.013 2.246 0.007 0.000 94.513 4667.723
1 85 1 0 7 109241 93.575 2.802 0.010 0.015 93.530 8626.566
1 86 1 0 8 0 0.000 0.514 25.244 27.874 0.000 -0.000
1 87 1 0 9 109241 95.452 1.518 0.005 0.003 94.952 520.961
1 88 1 0 10 109241 94.753 1.876 0.006 0.004 94.254 568.654
1 89 1 0 11 109241 93.322 1.826 0.006 0.004 92.822 392.502
1 90 1 0 12 109241 93.545 1.895 0.002 6.900 93.046 626.833
1 91 1 0 13 109241 94.499 3.091 0.001 3.676 93.974 3647.709
1 92 1 0 14 109241 93.840 2.794 0.008 0.000 93.371 2481.095
1 93 1 0 15 109241 97.301 3.144 0.010 0.000 96.779 612.257
1 94 1 0 16 109241 94.610 3.136 0.009 0.000 94.146 3359.807
1 95 1 0 17 0 0.000 0.514 25.244 27.874 0.000 -0.000
1 96 1 0 18 0 0.000 0.514 25.244 27.874 0.000 -0.000
1 97 1 0 19 0 0.000 0.514 25.244 27.874 0.000 -0.000
1 98 1 0 20 109241 72.141 2.811 0.009 0.000 71.710 3281.011
1 99 1 0 21 109241 195.650 1.946 0.006 0.004 195.160 155.262
1 100 1 0 22 109241 88.584 1.890 0.006 0.004 88.085 204.903
1 101 1 0 23 109241 96.667 2.356 0.007 0.000 96.391 894.242
1 102 1 0 24 109241 94.113 1.589 0.005 0.003 93.613 481.960
1 103 1 0 25 109241 93.638 2.855 0.015 70.830 93.643 25924.217
1 104 1 0 26 109241 94.088 2.008 0.006 0.004 93.590 865.626
1 105 1 0 27 109241 94.534 2.097 0.006 0.004 94.034 309.109
1 106 1 0 28 0 0.000 0.514 25.244 27.874 0.000 -0.000
1 107 1 0 29 109241 95.754 1.796 0.005 0.004 95.259 223.607
1 108 1 0 30 109241 96.588 2.906 0.057 62.499 96.089 1334.033
1 109 1 0 31 109241 92.459 1.880 0.006 0.004 91.959 192.237
1 110 1 0 32 109241 97.398 2.804 0.008 0.000 96.857 2070.929
1 111 1 0 33 109241 96.320 2.599 0.008 0.000 95.892 2222.165
1 112 1 0 34 109241 100.922 1.273 0.004 0.003 100.422 182.660
1 113 1 0 35 109241 92.079 2.078 0.006 0.004 91.579 252.755
1 114 1 0 36 109241 99.050 2.689 0.008 0.006 98.550 126.895
1 115 1 0 37 0 0.000 0.514 25.244 27.874 0.000 -0.000
1 116 1 0 38 0 0.000 0.514 25.244 27.874 0.000 -0.000
1 117 1 1 0 109241 93.655 3.267 0.143 0.042 93.259 3972.519
1 118 1 1 1 109241 91.854 3.210 0.009 50.293 91.505 3471.173
1 119 1 1 2 109241 92.202 3.251 0.010 0.000 91.758 3852.945
1 120 1 1 3 109241 91.385 3.326 0.010 0.001 90.902 3340.328
1 121 1 1 4 109241 92.229 2.940 0.009 0.000 92.148 2327.058
1 122 1 1 5 109241 92.814 3.032 0.009 0.000 92.700 2472.361
1 123 1 1 6 109241 91.740 3.289 0.011 0.016 91.706 4010.080
1 124 1 1 7 109241 91.940 3.236 0.010 0.010 91.429 4084.297
1 125 1 1 8 0 0.000 0.514 25.244 27.874 0.000 -0.000
1 126 1 1 9 109241 92.222 3.276 0.010 0.000 92.117 3493.316
1 127 1 1 10 109241 192.778 1.735 0.005 0.004 192.242 99.393
1 128 1 1 11 109241 93.731 3.216 0.011 57.664 93.860 2694.567
1 129 1 1 12 109241 94.476 3.255 0.010 0.007 94.224 2518.934
1 130 1 1 13 109241 93.752 3.275 0.010 0.000 93.275 4148.387
1 131 1 1 14 109241 95.299 3.172 0.010 0.008 95.417 2631.458
1 132 1 1 15 109241 94.210 3.230 0.011 0.015 94.309 2919.296
1 133 1 1 16 109241 93.354 3.172 0.010 0.011 93.422 2473.784
1 134 1 1 17 0 0.000 0.514 25.244 27.874 0.000 -0.000
1 135 1 1 18 0 0.000 0.514 25.244 27.874 0.000 -0.000
1 136 1 1 19 0 0.000 0.514 25.244 27.874 0.000 -0.000
1 137 1 1 20 109241 92.960 2.948 0.001 0.000 92.462 5670.604
1 138 1 1 21 109241 92.486 2.551 0.008 0.000 91.987 1492.864
1 139 1 1 22 109241 93.398 2.288 0.006 61.123 93.036 735.061
1 140 1 1 23 109241 92.332 2.884 0.009 0.000 91.896 1902.821
1 141 1 1 24 109241 94.108 2.942 0.009 0.000 93.621 2707.507
1 142 1 1 25 109241 92.945 3.259 0.010 0.019 92.448 6738.256
1 143 1 1 26 109241 93.458 3.037 0.009 0.000 92.991 3480.503
1 144 1 1 27 109241 91.371 1.881 0.006 0.004 90.875 165.618
1 145 1 1 28 0 0.000 0.514 25.244 27.874 0.000 -0.000
1 146 1 1 29 109241 93.582 2.309 0.007 0.000 93.299 1065.199
1 147 1 1 30 109241 0.000 0.514 25.244 27.874 1.000 -0.000
1 148 1 1 31 109241 96.673 2.358 0.007 0.002 96.174 240.100
1 149 1 1 32 109241 91.920 2.186 0.007 0.005 91.420 135.449
1 150 1 1 33 109241 92.387 2.316 0.007 0.005 91.887 108.995
1 151 1 1 34 109241 90.415 2.626 0.005 0.005 89.879 868.231
1 152 1 1 35 109241 99.693 1.018 0.003 0.002 99.193 241.835
1 153 1 1 36 109241 93.636 2.513 0.008 0.005 93.136 172.739
1 154 1 1 37 0 0.000 0.514 25.244 27.874 0.000 -0.000
1 155 1 1 38 0 0.000 0.514 25.244 27.874 0.000 -0.000
1 156 2 0 0 109241 202.031 1.670 0.005 0.004 201.564 153.248
1 157 2 0 1 109241 90.267 2.628 0.008 0.009 90.173 1807.378
1 158 2 0 2 109241 90.286 3.302 0.011 50.962 89.741 4903.532
1 159 2 0 3 109241 92.015 3.182 0.007 5.405 91.517 3215.663
1 160 2 0 4 109241 89.681 2.955 0.009 0.000 89.120 35484.715
1 161 2 0 5 109241 91.242 2.549 0.000 0.000 91.052 980.254
1 162 2 0 6 109241 90.121 3.021 0.003 61.325 89.621 1537.673
1 163 2 0 7 109241 91.169 1.878 0.006 62.265 90.786 307.930
1 164 2 0 8 0 0.000 0.514 25.244 27.874 0.000 -0.000
1 165 2 0 9 109241 86.412 2.545 0.008 0.000 86.271 1687.549
1 166 2 0 10 109241 92.139 1.809 0.005 0.004 91.639 114.948
1 167 2 0 11 109241 63.387 2.494 0.008 0.000 62.890 1481.828
1 168 2 0 12 109241 91.224 2.474 0.007 0.000 91.103 3059.018
1 169 2 0 13 109241 91.092 3.151 0.004 80.628 91.084 5729.740
1 170 2 0 14 109241 90.982 3.258 0.010 0.000 90.490 6783.239
1 171 2 0 15 109241 111.497 0.010 0.000 0.706 111.000 -109572.017
1 172 2 0 16 109241 86.354 3.066 0.009 0.000 85.860 3449.196
1 173 2 0 17 0 0.000 0.514 25.244 27.874 0.000 -0.000
1 174 2 0 18 0 0.000 0.514 25.244 27.874 0.000 -0.000
1 175 2 0 19 0 0.000 0.514 25.244 27.874 0.000 -0.000
1 176 2 0 20 109241 92.579 1.028 0.003 0.002 92.079 2574.725
1 177 2 0 21 109241 93.989 0.980 0.003 0.002 93.489 2633.306
1 178 2 0 22 109241 91.998 2.167 0.002 0.007 91.495 2202.868
1 179 2 0 23 109241 90.692 1.960 0.006 0.004 90.192 237.695
1 180 2 0 24 109241 90.867 3.219 0.010 0.031 90.374 13673.435
1 181 2 0 25 109241 91.369 1.469 0.004 0.003 90.869 203.644
1 182 2 0 26 109241 92.572 1.875 0.006 0.004 92.072 263.159
1 183 2 0 27 109241 91.389 2.157 0.007 0.005 90.890 207.639
1 184 2 0 28 0 0.000 0.514 25.244 27.874 0.000 -0.000
1 185 2 0 29 109241 93.356 2.419 0.001 8.272 92.800 1885.634
1 186 2 0 30 109241 92.838 2.874 0.009 0.000 92.840 3049.764
1 187 2 0 31 109241 91.171 3.330 0.010 0.022 90.574 10471.324
1 188 2 0 32 109241 91.382 3.220 0.000 0.000 90.878 7130.508
1 189 2 0 33 109241 90.563 1.785 0.005 0.004 90.069 90.223
1 190 2 0 34 109241 91.255 1.831 0.006 0.004 90.755 100.126
1 191 2 0 35 109241 91.397 2.856 0.009 0.011 90.851 3864.444
1 192 2 0 36 109241 90.818 1.780 0.005 0.004 90.321 101.252
1 193 2 0 37 0 0.000 0.514 25.244 27.874 0.000 -0.000
1 194 2 0 38 0 0.000 0.514 25.244 27.874 0.000 -0.000
1 195 2 1 0 109241 90.970 3.339 0.010 0.000 90.967 6186.401
1 196 2 1 1 109241 91.039 3.285 0.010 0.003 90.575 5197.417
1 197 2 1 2 109241 91.911 3.076 0.000 0.009 91.416 3355.653
1 198 2 1 3 109241 90.919 3.338 0.010 0.009 90.605 5765.814
1 199 2 1 4 109241 90.543 3.321 0.010 0.000 90.072 6042.025
1 200 2 1 5 109241 91.418 3.327 0.008 17.829 91.635 8224.854
1 201 2 1 6 109241 92.420 3.271 0.000 0.012 91.882 5248.849
1 202 2 1 7 109241 89.779 3.317 0.002 63.234 89.849 5335.880
1 203 2 1 8 0 0.000 0.514 25.244 27.874 0.000 -0.000
1 204 2 1 9 109241 90.864 3.340 0.010 0.009 90.657 5987.446
1 205 2 1 10 109241 92.296 3.070 0.009 0.000 92.329 3211.084
1 206 2 1 11 109241 89.130 3.387 0.010 0.003 89.214 4456.510
1 207 2 1 12 109241 91.525 3.298 0.136 0.035 91.218 3280.994
1 208 2 1 13 109241 91.616 3.318 0.010 0.000 91.151 6225.657
1 209 2 1 14 109241 91.254 3.291 0.010 0.009 91.282 3866.539
1 210 2 1 15 109241 87.447 3.332 0.010 0.005 87.157 4967.101
1 211 2 1 16 109241 90.665 3.190 0.010 0.000 90.637 3638.652
1 212 2 1 17 0 0.000 0.514 25.244 27.874 0.000 -0.000
1 213 2 1 18 0 0.000 0.514 25.244 27.874 0.000 -0.000
1 214 2 1 19 0 0.000 0.514 25.244 27.874 0.000 -0.000
1 215 2 1 20 109241 91.227 3.339 0.010 0.022 90.742 17983.352
1 216 2 1 21 109241 90.646 3.009 0.009 0.000 90.622 5714.999
1 217 2 1 22 109241 89.707 3.193 0.146 0.630 89.696 6864.552
1 218 2 1 23 109241 199.647 1.699 0.005 0.004 199.159 209.459
1 219 2 1 24 109241 90.361 3.305 0.010 0.000 90.402 9608.447
1 220 2 1 25 109241 90.189 3.315 0.009 17.817 90.209 16399.607
1 221 2 1 26 109241 91.751 3.316 0.010 0.014 91.231 8610.491
1 222 2 1 27 109241 89.729 2.513 0.006 56.080 89.598 1913.238
1 223 2 1 28 0 0.000 0.514 25.244 27.874 0.000 -0.000
1 224 2 1 29 109241 90.273 2.264 0.004 17.535 90.266 988.545
1 225 2 1 30 109241 90.609 2.102 0.095 97.707 90.314 264.317
1 226 2 1 31 109241 92.086 2.243 0.002 0.001 91.584 563.858
1 227 2 1 32 109241 90.453 2.053 0.006 0.004 89.953 77.747
1 228 2 1 33 109241 89.847 2.690 0.009 0.010 89.766 2415.151
1 229 2 1 34 109241 89.888 2.377 0.007 0.000 89.386 960.791
1 230 2 1 35 109241 90.678 3.222 0.010 55.415 90.666 11065.482
1 231 2 1 36 109241 90.399 2.314 0.003 10.533 90.178 945.810
1 232 2 1 37 0 0.000 0.514 25.244 27.874 0.000 -0.000
1 233 2 1 38 0 0.000 0.514 25.244 27.874 0.000 -0.000
