0 0 0 0 0 159526 83.049 2.017 0.005 0.004 82.549 365.704
0 1 0 0 1 159526 82.995 2.166 0.005 0.004 82.495 355.094
0 2 0 0 2 159526 79.664 2.246 0.006 0.004 79.164 493.252
0 3 0 0 3 159526 78.199 2.201 0.006 0.004 77.699 414.090
0 4 0 0 4 159526 82.989 1.802 0.005 0.003 82.489 336.313
0 5 0 0 5 159526 77.369 2.280 0.006 0.004 76.869 317.936
0 6 0 0 6 159526 178.505 2.346 0.006 0.004 178.005 271.698
0 7 0 0 7 159526 78.974 1.913 0.005 0.003 78.474 477.090
0 8 0 0 8 0 0.000 0.514 25.244 27.874 0.000 -0.000
0 9 0 0 9 159526 47.440 1.748 0.004 0.003 46.940 256.822
0 10 0 0 10 159526 70.954 2.591 0.006 0.005 70.454 213.485
0 11 0 0 11 159526 137.678 1.875 0.005 0.003 137.178 309.915
0 12 0 0 12 159526 75.774 2.463 0.006 0.004 75.274 278.486
0 13 0 0 13 159526 78.281 2.193 0.005 0.004 77.781 433.561
0 14 0 0 14 159526 75.286 2.563 0.006 0.005 74.786 307.521
0 15 0 0 15 159526 83.484 2.227 0.006 0.004 82.984 298.634
0 16 0 0 16 159526 78.584 2.336 0.006 0.004 78.084 575.339
0 17 0 0 17 0 0.000 0.514 25.244 27.874 0.000 -0.000
0 18 0 0 18 0 0.000 0.514 25.244 27.874 0.000 -0.000
0 19 0 0 19 0 0.000 0.514 25.244 27.874 0.000 -0.000
0 20 0 0 20 159526 175.991 1.841 0.005 0.003 175.491 655.098
0 21 0 0 21 159526 85.865 2.174 0.005 0.004 85.365 663.486
0 22 0 0 22 159526 67.836 1.751 0.004 0.003 67.336 615.617
0 23 0 0 23 159526 82.520 2.123 0.005 0.004 82.020 438.278
0 24 0 0 24 159526 84.423 1.957 0.005 0.003 83.923 486.842
0 25 0 0 25 159526 84.666 1.500 0.004 0.003 84.166 665.261
0 26 0 0 26 159526 79.836 2.616 0.007 0.005 79.336 557.564
0 27 0 0 27 159526 78.895 2.272 0.006 0.004 78.395 616.736
0 28 0 0 28 0 0.000 0.514 25.244 27.874 0.000 -0.000
0 29 0 0 29 159526 99.761 2.253 0.006 0.004 99.261 585.418
0 30 0 0 30 159526 85.149 2.638 0.007 0.005 84.649 313.963
0 31 0 0 31 159526 90.676 2.026 0.005 0.004 90.176 340.552
0 32 0 0 32 159526 106.089 2.189 0.005 0.004 105.589 360.645
0 33 0 0 33 159526 81.053 2.151 0.005 0.004 80.553 328.745
0 34 0 0 34 159526 84.468 2.360 0.006 0.004 83.968 311.025
0 35 0 0 35 159526 85.064 2.047 0.005 0.004 84.564 302.756
0 36 0 0 36 159526 90.206 2.011 0.005 0.004 89.706 330.192
0 37 0 0 37 0 0.000 0.514 25.244 27.874 0.000 -0.000
0 38 0 0 38 0 0.000 0.514 25.244 27.874 0.000 -0.000
0 39 0 1 0 159526 90.054 1.952 0.005 0.003 89.554 844.802
0 40 0 1 1 159526 88.847 1.989 0.005 0.004 88.347 685.802
0 41 0 1 2 159526 82.694 2.294 0.006 0.004 82.194 592.095
0 42 0 1 3 159526 191.101 2.091 0.005 0.004 190.601 723.754
0 43 0 1 4 159526 88.447 2.224 0.006 0.004 87.947 723.028
0 44 0 1 5 159526 85.649 2.046 0.005 0.004 85.149 752.416
0 45 0 1 6 159526 87.588 2.354 0.006 0.004 87.088 570.141
0 46 0 1 7 159526 88.661 2.305 0.006 0.004 88.161 610.543
0 47 0 1 8 0 0.000 0.514 25.244 27.874 0.000 -0.000
0 48 0 1 9 159526 82.569 2.129 0.005 0.004 82.069 402.244
0 49 0 1 10 159526 79.969 2.454 0.006 0.004 79.469 583.862
0 50 0 1 11 159526 85.290 2.236 0.006 0.004 84.790 567.702
0 51 0 1 12 159526 85.284 2.597 0.007 0.005 84.784 538.736
0 52 0 1 13 159526 86.010 2.080 0.005 0.004 85.510 358.427
0 53 0 1 14 159526 82.719 2.604 0.007 0.005 82.219 269.710
0 54 0 1 15 159526 84.437 2.188 0.005 0.004 83.937 489.801
0 55 0 1 16 159526 87.788 2.424 0.006 0.004 87.288 984.109
0 56 0 1 17 0 0.000 0.514 25.244 27.874 0.000 -0.000
0 57 0 1 18 0 0.000 0.514 25.244 27.874 0.000 -0.000
0 58 0 1 19 0 0.000 0.514 25.244 27.874 0.000 -0.000
0 59 0 1 20 159526 88.215 2.009 0.005 0.004 87.715 746.813
0 60 0 1 21 159526 84.567 2.106 0.005 0.004 84.067 621.230
0 61 0 1 22 159526 86.473 2.255 0.006 0.004 85.973 600.478
0 62 0 1 23 159526 87.259 2.009 0.005 0.004 86.759 445.386
0 63 0 1 24 159526 87.933 2.060 0.005 0.004 87.433 382.780
0 64 0 1 25 159526 89.487 1.926 0.005 0.003 88.987 572.908
0 65 0 1 26 159526 90.869 2.140 0.005 0.004 90.369 627.860
0 66 0 1 27 159526 89.643 2.104 0.005 0.004 89.143 909.335
0 67 0 1 28 0 0.000 0.514 25.244 27.874 0.000 -0.000
0 68 0 1 29 159526 90.110 2.069 0.005 0.004 89.610 519.464
0 69 0 1 30 159526 92.410 2.526 0.006 0.004 91.910 886.876
0 70 0 1 31 159526 84.228 2.216 0.006 0.004 83.728 524.539
0 71 0 1 32 159526 93.311 2.424 0.006 0.004 92.811 476.645
0 72 0 1 33 159526 86.686 2.194 0.005 0.004 86.186 594.352
0 73 0 1 34 159526 87.915 2.052 0.005 0.004 87.415 382.221
0 74 0 1 35 159526 95.036 1.860 0.005 0.003 94.536 1107.041
0 75 0 1 36 159526 95.222 1.941 0.005 0.003 94.722 674.645
0 76 0 1 37 0 0.000 0.514 25.244 27.874 0.000 -0.000
0 77 0 1 38 0 0.000 0.514 25.244 27.874 0.000 -0.000
0 78 1 0 0 159526 90.065 1.841 0.005 0.003 89.565 263.542
0 79 1 0 1 159526 86.865 1.904 0.005 0.003 86.365 273.944
0 80 1 0 2 159526 86.152 2.110 0.005 0.004 85.652 303.223
0 81 1 0 3 159526 87.144 1.976 0.005 0.003 86.644 870.935
0 82 1 0 4 159526 81.828 2.063 0.005 0.004 81.328 182.552
0 83 1 0 5 159526 82.257 2.025 0.005 0.004 81.757 370.662
0 84 1 0 6 159526 90.083 1.557 0.004 0.003 89.583 877.092
0 85 1 0 7 159526 84.432 1.849 0.005 0.003 83.932 720.647
0 86 1 0 8 0 0.000 0.514 25.244 27.874 0.000 -0.000
0 87 1 0 9 159526 171.986 1.710 0.004 0.003 171.486 583.563
0 88 1 0 10 159526 83.035 2.339 0.006 0.004 82.535 618.356
0 89 1 0 11 159526 81.742 1.683 0.004 0.003 81.242 607.820
0 90 1 0 12 159526 85.206 2.171 0.005 0.004 84.706 459.383
0 91 1 0 13 159526 85.559 1.977 0.005 0.004 85.059 429.620
0 92 1 0 14 159526 84.146 2.238 0.006 0.004 83.646 486.906
0 93 1 0 15 159526 86.009 1.998 0.005 0.004 85.509 345.621
0 94 1 0 16 159526 83.152 2.399 0.006 0.004 82.652 357.157
0 95 1 0 17 0 0.000 0.514 25.244 27.874 0.000 -0.000
0 96 1 0 18 0 0.000 0.514 25.244 27.874 0.000 -0.000
0 97 1 0 19 0 0.000 0.514 25.244 27.874 0.000 -0.000
0 98 1 0 20 159526 69.272 2.484 0.006 0.004 68.693 417.166
0 99 1 0 21 159526 85.985 2.082 0.005 0.004 85.485 339.435
0 100 1 0 22 159526 87.710 1.984 0.005 0.004 87.210 692.320
0 101 1 0 23 159526 82.932 2.076 0.005 0.004 82.432 380.896
0 102 1 0 24 159526 85.677 1.919 0.005 0.003 85.177 696.293
0 103 1 0 25 159526 86.961 1.534 0.004 0.003 86.461 506.379
0 104 1 0 26 159526 84.452 2.514 0.006 0.004 83.952 638.841
0 105 1 0 27 159526 82.521 2.383 0.006 0.004 82.021 802.754
0 106 1 0 28 0 0.000 0.514 25.244 27.874 0.000 -0.000
0 107 1 0 29 159526 89.146 2.064 0.005 0.004 88.646 337.048
0 108 1 0 30 159526 93.926 2.250 0.006 0.004 93.426 668.861
0 109 1 0 31 159526 89.939 1.876 0.005 0.003 89.439 435.094
0 110 1 0 32 159526 90.945 1.943 0.005 0.003 90.445 372.081
0 111 1 0 33 159526 84.045 2.053 0.005 0.004 83.545 324.917
0 112 1 0 34 159526 83.918 2.117 0.005 0.004 83.418 338.616
0 113 1 0 35 159526 88.674 2.167 0.005 0.004 88.174 437.457
0 114 1 0 36 159526 89.683 2.217 0.006 0.004 89.183 311.428
0 115 1 0 37 0 0.000 0.514 25.244 27.874 0.000 -0.000
0 116 1 0 38 0 0.000 0.514 25.244 27.874 0.000 -0.000
0 117 1 1 0 159526 84.346 1.779 0.004 0.003 83.846 405.590
0 118 1 1 1 159526 87.104 1.851 0.005 0.003 86.604 291.340
0 119 1 1 2 159526 82.678 1.977 0.005 0.004 82.178 366.651
0 120 1 1 3 159526 79.662 1.896 0.005 0.003 79.162 258.479
0 121 1 1 4 159526 82.196 1.947 0.005 0.003 81.696 244.407
0 122 1 1 5 159526 87.398 0.998 0.002 0.002 86.898 945.831
0 123 1 1 6 159526 80.320 2.074 0.005 0.004 79.820 381.380
0 124 1 1 7 159526 82.041 2.079 0.005 0.004 81.541 386.913
0 125 1 1 8 0 0.000 0.514 25.244 27.874 0.000 -0.000
0 126 1 1 9 159526 75.849 2.028 0.005 0.004 75.349 1113.875
0 127 1 1 10 159526 78.793 2.229 0.006 0.004 78.293 423.152
0 128 1 1 11 159526 81.436 1.951 0.005 0.003 80.936 564.661
0 129 1 1 12 159526 81.953 2.357 0.006 0.004 81.453 497.921
0 130 1 1 13 159526 84.344 1.879 0.005 0.003 83.844 752.966
0 131 1 1 14 159526 81.782 2.412 0.006 0.004 81.282 459.790
0 132 1 1 15 159526 0.000 0.514 25.244 27.874 512.000 -0.000
0 133 1 1 16 159526 189.827 2.289 0.006 0.004 189.327 349.834
0 134 1 1 17 0 0.000 0.514 25.244 27.874 0.000 -0.000
0 135 1 1 18 0 0.000 0.514 25.244 27.874 0.000 -0.000
0 136 1 1 19 0 0.000 0.514 25.244 27.874 0.000 -0.000
0 137 1 1 20 159526 81.345 1.980 0.005 0.004 80.845 535.583
0 138 1 1 21 159526 81.023 2.069 0.005 0.004 80.523 535.816
0 139 1 1 22 159526 76.375 2.432 0.006 0.004 75.875 462.714
0 140 1 1 23 159526 78.658 2.138 0.005 0.004 78.158 519.111
0 141 1 1 24 159526 76.607 2.261 0.006 0.004 76.107 512.446
0 142 1 1 25 159526 80.185 1.823 0.005 0.003 79.685 613.188
0 143 1 1 26 159526 81.862 2.047 0.005 0.004 81.362 757.888
0 144 1 1 27 159526 83.184 2.023 0.005 0.004 82.684 400.015
0 145 1 1 28 0 0.000 0.514 25.244 27.874 0.000 -0.000
0 146 1 1 29 159526 81.998 1.987 0.005 0.004 81.498 465.154
0 147 1 1 30 159526 84.171 2.374 0.006 0.004 83.671 511.047
0 148 1 1 31 159526 78.399 2.223 0.006 0.004 77.899 725.052
0 149 1 1 32 159526 80.242 2.366 0.006 0.004 79.742 331.885
0 150 1 1 33 159526 81.598 2.158 0.005 0.004 81.098 444.403
0 151 1 1 34 159526 81.112 1.959 0.005 0.003 80.612 444.757
0 152 1 1 35 159526 84.560 1.981 0.005 0.004 84.060 2037.213
0 153 1 1 36 159526 84.294 2.074 0.005 0.004 83.794 391.434
0 154 1 1 37 0 0.000 0.514 25.244 27.874 0.000 -0.000
0 155 1 1 38 0 0.000 0.514 25.244 27.874 0.000 -0.000
0 156 2 0 0 159526 83.177 1.937 0.005 0.003 82.677 278.697
0 157 2 0 1 159526 80.689 1.918 0.005 0.003 80.189 327.675
0 158 2 0 2 159526 75.654 2.075 0.005 0.004 75.154 235.601
0 159 2 0 3 159526 78.331 2.114 0.005 0.004 77.831 244.656
0 160 2 0 4 159526 82.510 1.644 0.004 0.003 82.010 216.759
0 161 2 0 5 159526 74.253 2.324 0.006 0.004 73.753 229.584
0 162 2 0 6 159526 72.138 2.810 0.007 0.005 71.638 179.480
0 163 2 0 7 159526 80.128 1.948 0.005 0.003 79.628 241.408
0 164 2 0 8 0 0.000 0.514 25.244 27.874 0.000 -0.000
0 165 2 0 9 159526 80.789 1.864 0.005 0.003 80.289 257.134
0 166 2 0 10 159526 71.693 2.740 0.007 0.005 71.193 230.808
0 167 2 0 11 159526 85.510 0.008 0.000 0.000 85.000 -159925.907
0 168 2 0 12 159526 78.612 2.490 0.006 0.004 78.102 315.855
0 169 2 0 13 159526 86.033 0.894 0.002 0.002 85.533 1272.060
0 170 2 0 14 159526 73.365 2.299 0.006 0.004 72.865 322.427
0 171 2 0 15 159526 87.307 1.007 0.003 0.002 86.807 858.130
0 172 2 0 16 159526 77.773 2.314 0.006 0.004 77.273 484.431
0 173 2 0 17 0 0.000 0.514 25.244 27.874 0.000 -0.000
0 174 2 0 18 0 0.000 0.514 25.244 27.874 0.000 -0.000
0 175 2 0 19 0 0.000 0.514 25.244 27.874 0.000 -0.000
0 176 2 0 20 159526 80.500 0.000 0.000 0.019 80.000 -159925.907
0 177 2 0 21 159526 78.714 1.740 0.004 0.003 78.214 629.756
0 178 2 0 22 159526 69.500 0.000 0.000 0.148 69.000 -159925.907
0 179 2 0 23 159526 74.458 2.172 0.005 0.004 73.958 422.321
0 180 2 0 24 159526 77.617 2.056 0.005 0.004 77.117 561.673
0 181 2 0 25 159526 82.364 1.574 0.004 0.003 81.864 604.336
0 182 2 0 26 159526 71.437 3.318 0.008 0.006 70.769 441.607
0 183 2 0 27 159526 74.606 2.262 0.006 0.004 74.106 428.614
0 184 2 0 28 0 0.000 0.514 25.244 27.874 0.000 -0.000
0 185 2 0 29 159526 80.667 2.069 0.005 0.004 80.167 414.212
0 186 2 0 30 159526 78.733 2.485 0.006 0.004 78.233 542.370
0 187 2 0 31 159526 86.076 1.937 0.005 0.003 85.576 397.434
0 188 2 0 32 159526 83.542 2.008 0.005 0.004 83.042 333.650
0 189 2 0 33 159526 69.876 0.912 0.002 0.002 69.376 850.690
0 190 2 0 34 159526 79.708 2.144 0.005 0.004 79.208 323.206
0 191 2 0 35 159526 186.637 1.881 0.005 0.003 186.137 556.815
0 192 2 0 36 159526 84.580 1.984 0.005 0.004 84.080 320.118
0 193 2 0 37 0 0.000 0.514 25.244 27.874 0.000 -0.000
0 194 2 0 38 0 0.000 0.514 25.244 27.874 0.000 -0.000
0 195 2 1 0 159526 85.600 2.041 0.005 0.004 85.100 507.101
0 196 2 1 1 159526 88.538 2.043 0.005 0.004 88.038 863.629
0 197 2 1 2 159526 81.009 2.330 0.006 0.004 80.509 603.238
0 198 2 1 3 159526 85.142 2.178 0.005 0.004 84.642 232.734
0 199 2 1 4 159526 83.273 2.446 0.006 0.004 82.773 224.299
0 200 2 1 5 159526 85.956 2.083 0.005 0.004 85.456 309.875
0 201 2 1 6 159526 81.288 2.430 0.006 0.004 80.788 195.499
0 202 2 1 7 159526 87.797 2.447 0.006 0.004 87.297 213.938
0 203 2 1 8 0 0.000 0.514 25.244 27.874 0.000 -0.000
0 204 2 1 9 159526 77.585 2.237 0.006 0.004 77.085 324.526
0 205 2 1 10 159526 83.657 2.757 0.007 0.005 83.157 314.866
0 206 2 1 11 159526 80.338 2.246 0.006 0.004 79.838 237.888
0 207 2 1 12 159526 78.431 2.924 0.007 0.005 77.931 196.486
0 208 2 1 13 159526 81.393 2.131 0.005 0.004 80.893 206.304
0 209 2 1 14 159526 190.949 3.056 0.008 0.005 190.449 262.543
0 210 2 1 15 159526 81.503 2.300 0.006 0.004 81.003 289.527
0 211 2 1 16 159526 78.880 2.797 0.007 0.005 78.380 376.091
0 212 2 1 17 0 0.000 0.514 25.244 27.874 0.000 -0.000
0 213 2 1 18 0 0.000 0.514 25.244 27.874 0.000 -0.000
0 214 2 1 19 0 0.000 0.514 25.244 27.874 0.000 -0.000
0 215 2 1 20 159526 81.587 2.093 0.005 0.004 81.087 538.062
0 216 2 1 21 159526 81.021 2.073 0.005 0.004 80.521 690.982
0 217 2 1 22 159526 77.185 2.310 0.006 0.004 76.685 421.020
0 218 2 1 23 159526 81.190 2.011 0.005 0.004 80.690 612.896
0 219 2 1 24 159526 81.652 2.159 0.005 0.004 81.152 348.424
0 220 2 1 25 159526 80.856 1.890 0.005 0.003 80.356 266.144
0 221 2 1 26 159526 77.753 2.339 0.006 0.004 77.253 547.904
0 222 2 1 27 159526 85.331 2.162 0.005 0.004 84.831 443.418
0 223 2 1 28 0 0.000 0.514 25.244 27.874 0.000 -0.000
0 224 2 1 29 159526 81.256 2.113 0.005 0.004 80.756 405.466
0 225 2 1 30 159526 81.998 2.680 0.007 0.005 81.498 235.730
0 226 2 1 31 159526 83.560 2.349 0.006 0.004 83.060 295.388
0 227 2 1 32 159526 84.525 2.574 0.006 0.005 84.025 172.565
0 228 2 1 33 159526 88.832 2.329 0.006 0.004 88.332 321.056
0 229 2 1 34 159526 91.710 2.209 0.006 0.004 91.210 524.927
0 230 2 1 35 159526 94.992 0.726 0.002 0.001 94.492 4147.770
0 231 2 1 36 159526 97.521 2.146 0.005 0.004 97.021 509.355
0 232 2 1 37 0 0.000 0.514 25.244 27.874 0.000 -0.000
0 233 2 1 38 0 0.000 0.514 25.244 27.874 0.000 -0.000
1 0 0 0 0 159526 94.030 1.654 0.004 0.003 93.530 627.366
1 1 0 0 1 159526 94.673 0.845 0.002 0.001 94.173 1098.516
1 2 0 0 2 159526 94.503 1.631 0.004 0.003 94.003 757.601
1 3 0 0 3 159526 93.073 1.769 0.004 0.003 92.573 1124.505
1 4 0 0 4 159526 93.786 1.396 0.003 0.002 93.285 897.841
1 5 0 0 5 159526 95.962 1.839 0.005 0.003 95.462 620.177
1 6 0 0 6 159526 92.810 1.853 0.005 0.003 92.310 672.026
1 7 0 0 7 159526 93.363 1.576 0.004 0.003 92.863 717.295
1 8 0 0 8 0 0.000 0.514 25.244 27.874 0.000 -0.000
1 9 0 0 9 159526 59.949 1.517 0.004 0.003 59.449 618.033
1 10 0 0 10 159526 93.289 1.830 0.005 0.003 92.789 1015.394
1 11 0 0 11 159526 93.420 1.504 0.004 0.003 92.920 1241.655
1 12 0 0 12 159526 94.792 1.495 0.004 0.003 94.292 1595.570
1 13 0 0 13 159526 93.189 1.586 0.004 0.003 92.689 1076.587
1 14 0 0 14 159526 93.335 1.674 0.004 0.003 92.835 975.258
1 15 0 0 15 159526 93.111 1.689 0.004 0.003 92.611 1077.013
1 16 0 0 16 159526 93.845 1.708 0.004 0.003 93.345 1372.451
1 17 0 0 17 0 0.000 0.514 25.244 27.874 0.000 -0.000
1 18 0 0 18 0 0.000 0.514 25.244 27.874 0.000 -0.000
1 19 0 0 19 0 0.000 0.514 25.244 27.874 0.000 -0.000
1 20 0 0 20 159526 94.078 1.465 0.004 0.003 93.578 2603.269
1 21 0 0 21 159526 93.889 1.660 0.004 0.003 93.389 1635.474
1 22 0 0 22 159526 93.431 1.475 0.004 0.003 92.931 1296.784
1 23 0 0 23 159526 96.811 1.727 0.004 0.003 96.311 1663.087
1 24 0 0 24 159526 94.742 1.468 0.004 0.003 94.242 1388.620
1 25 0 0 25 159526 94.314 1.273 0.003 0.002 93.814 2575.027
1 26 0 0 26 159526 94.054 1.791 0.004 0.003 93.554 1816.381
1 27 0 0 27 159526 92.242 1.938 0.005 0.003 91.742 780.137
1 28 0 0 28 0 0.000 0.514 25.244 27.874 0.000 -0.000
1 29 0 0 29 159526 203.017 1.984 0.005 0.004 202.517 619.228
1 30 0 0 30 159526 93.264 1.755 0.004 0.003 92.764 1582.053
1 31 0 0 31 159526 93.011 1.691 0.004 0.003 92.511 951.208
1 32 0 0 32 159526 93.616 2.169 0.005 0.004 93.116 1365.629
1 33 0 0 33 159526 92.680 1.821 0.005 0.003 92.180 950.167
1 34 0 0 34 159526 93.630 1.856 0.005 0.003 93.130 1078.202
1 35 0 0 35 159526 94.307 1.672 0.004 0.003 93.807 843.939
1 36 0 0 36 159526 92.539 1.774 0.004 0.003 92.039 722.671
1 37 0 0 37 0 0.000 0.514 25.244 27.874 0.000 -0.000
1 38 0 0 38 0 0.000 0.514 25.244 27.874 0.000 -0.000
1 39 0 1 0 159526 85.801 1.682 0.004 0.003 85.301 226.164
1 40 0 1 1 159526 84.608 1.763 0.004 0.003 84.108 216.797
1 41 0 1 2 159526 89.046 1.807 0.005 0.003 88.546 205.911
1 42 0 1 3 159526 85.111 1.756 0.004 0.003 84.611 213.087
1 43 0 1 4 159526 85.775 1.682 0.004 0.003 85.275 223.398
1 44 0 1 5 159526 88.119 1.700 0.004 0.003 87.619 180.976
1 45 0 1 6 159526 87.842 1.701 0.004 0.003 87.342 217.723
1 46 0 1 7 159526 85.231 1.761 0.004 0.003 84.731 185.946
1 47 0 1 8 0 0.000 0.514 25.244 27.874 0.000 -0.000
1 48 0 1 9 159526 86.590 1.716 0.004 0.003 86.090 198.805
1 49 0 1 10 159526 86.806 1.708 0.004 0.003 86.306 349.217
1 50 0 1 11 159526 86.420 1.689 0.004 0.003 85.920 382.578
1 51 0 1 12 159526 85.640 1.739 0.004 0.003 85.140 604.965
1 52 0 1 13 159526 86.496 1.723 0.004 0.003 85.996 418.755
1 53 0 1 14 159526 85.945 1.739 0.004 0.003 85.445 643.719
1 54 0 1 15 159526 89.305 1.677 0.004 0.003 88.805 816.313
1 55 0 1 16 159526 88.511 1.762 0.004 0.003 88.011 1028.837
1 56 0 1 17 0 0.000 0.514 25.244 27.874 0.000 -0.000
1 57 0 1 18 0 0.000 0.514 25.244 27.874 0.000 -0.000
1 58 0 1 19 0 0.000 0.514 25.244 27.874 0.000 -0.000
1 59 0 1 20 159526 84.136 1.558 0.004 0.003 83.636 1813.994
1 60 0 1 21 159526 86.623 1.695 0.004 0.003 86.123 1005.651
1 61 0 1 22 159526 87.429 1.766 0.004 0.003 86.929 767.928
1 62 0 1 23 159526 86.800 1.770 0.004 0.003 86.300 641.140
1 63 0 1 24 159526 85.729 1.640 0.004 0.003 85.229 779.279
1 64 0 1 25 159526 82.972 1.607 0.004 0.003 82.472 315.700
1 65 0 1 26 159526 86.844 1.670 0.004 0.003 86.344 464.568
1 66 0 1 27 159526 86.910 1.731 0.004 0.003 86.410 273.658
1 67 0 1 28 0 0.000 0.514 25.244 27.874 0.000 -0.000
1 68 0 1 29 159526 85.980 1.781 0.004 0.003 85.480 232.401
1 69 0 1 30 159526 88.859 1.864 0.005 0.003 88.359 491.568
1 70 0 1 31 159526 88.417 1.960 0.005 0.003 87.917 168.198
1 71 0 1 32 159526 86.201 2.035 0.005 0.004 85.701 295.269
1 72 0 1 33 159526 89.489 1.891 0.005 0.003 88.989 181.716
1 73 0 1 34 159526 86.584 1.789 0.004 0.003 86.084 186.255
1 74 0 1 35 159526 81.467 1.730 0.004 0.003 80.967 152.417
1 75 0 1 36 159526 197.895 1.889 0.005 0.003 197.395 171.950
1 76 0 1 37 0 0.000 0.514 25.244 27.874 0.000 -0.000
1 77 0 1 38 0 0.000 0.514 25.244 27.874 0.000 -0.000
1 78 1 0 0 159526 91.592 1.855 0.005 0.003 91.092 418.537
1 79 1 0 1 159526 94.043 1.807 0.005 0.003 93.543 1476.241
1 80 1 0 2 159526 95.039 1.692 0.004 0.003 94.539 961.186
1 81 1 0 3 159526 96.012 1.693 0.004 0.003 95.512 1710.723
1 82 1 0 4 159526 93.530 1.846 0.005 0.003 93.030 776.431
1 83 1 0 5 159526 207.929 1.858 0.005 0.003 207.429 151.952
1 84 1 0 6 159526 95.381 1.402 0.004 0.002 94.881 1116.511
1 85 1 0 7 159526 94.634 1.566 0.004 0.003 94.134 839.593
1 86 1 0 8 0 0.000 0.514 25.244 27.874 0.000 -0.000
1 87 1 0 9 159526 95.556 1.478 0.004 0.003 95.056 1390.467
1 88 1 0 10 159526 95.279 1.820 0.005 0.003 94.779 1555.113
1 89 1 0 11 159526 93.275 1.793 0.004 0.003 92.775 992.869
1 90 1 0 12 159526 93.758 1.636 0.004 0.003 93.258 1090.156
1 91 1 0 13 159526 94.577 1.643 0.004 0.003 94.077 1136.553
1 92 1 0 14 159526 94.072 1.677 0.004 0.003 93.572 1225.743
1 93 1 0 15 159526 97.247 2.473 0.006 0.004 96.747 1188.948
1 94 1 0 16 159526 94.596 1.799 0.005 0.003 94.096 1402.247
1 95 1 0 17 0 0.000 0.514 25.244 27.874 0.000 -0.000
1 96 1 0 18 0 0.000 0.514 25.244 27.874 0.000 -0.000
1 97 1 0 19 0 0.000 0.514 25.244 27.874 0.000 -0.000
1 98 1 0 20 159526 72.129 1.862 0.005 0.003 71.629 389.618
1 99 1 0 21 159526 195.666 1.923 0.005 0.003 195.166 364.267
1 100 1 0 22 159526 88.563 1.871 0.005 0.003 88.063 451.557
1 101 1 0 23 159526 96.618 1.855 0.005 0.003 96.118 706.367
1 102 1 0 24 159526 94.171 1.561 0.004 0.003 93.671 1023.453
1 103 1 0 25 159526 94.360 1.369 0.003 0.002 93.860 1525.858
1 104 1 0 26 159526 94.180 1.980 0.005 0.004 93.680 1886.735
1 105 1 0 27 159526 94.842 2.062 0.005 0.004 94.342 555.959
1 106 1 0 28 0 0.000 0.514 25.244 27.874 0.000 -0.000
1 107 1 0 29 159526 95.755 1.734 0.004 0.003 95.255 543.197
1 108 1 0 30 159526 96.380 1.966 0.005 0.003 95.880 874.632
1 109 1 0 31 159526 92.544 1.777 0.004 0.003 92.044 423.093
1 110 1 0 32 159526 97.403 1.760 0.004 0.003 96.903 750.297
1 111 1 0 33 159526 96.492 1.784 0.004 0.003 95.992 1010.687
1 112 1 0 34 159526 101.124 1.247 0.003 0.002 100.624 457.129
1 113 1 0 35 159526 92.310 2.046 0.005 0.004 91.810 510.913
1 114 1 0 36 159526 99.118 2.650 0.007 0.005 98.618 249.992
1 115 1 0 37 0 0.000 0.514 25.244 27.874 0.000 -0.000
1 116 1 0 38 0 0.000 0.514 25.244 27.874 0.000 -0.000
1 117 1 1 0 159526 93.781 1.570 0.004 0.003 93.281 717.385
1 118 1 1 1 159526 91.573 1.678 0.004 0.003 91.073 347.176
1 119 1 1 2 159526 92.417 1.688 0.004 0.003 91.917 402.947
1 120 1 1 3 159526 91.530 1.798 0.005 0.003 91.030 296.855
1 121 1 1 4 159526 92.677 1.712 0.004 0.003 92.177 780.921
1 122 1 1 5 159526 92.707 1.660 0.004 0.003 92.207 484.896
1 123 1 1 6 159526 91.839 1.659 0.004 0.003 91.339 334.337
1 124 1 1 7 159526 91.940 1.694 0.004 0.003 91.440 437.400
1 125 1 1 8 0 0.000 0.514 25.244 27.874 0.000 -0.000
1 126 1 1 9 159526 92.395 1.705 0.004 0.003 91.895 419.540
1 127 1 1 10 159526 192.699 1.632 0.004 0.003 192.199 211.123
1 128 1 1 11 159526 93.962 1.628 0.004 0.003 93.462 977.766
1 129 1 1 12 159526 93.702 1.688 0.004 0.003 93.202 855.803
1 130 1 1 13 159526 93.553 1.611 0.004 0.003 93.053 969.380
1 131 1 1 14 159526 90.560 1.716 0.004 0.003 90.060 482.510
1 132 1 1 15 159526 94.699 1.596 0.004 0.003 94.199 1197.664
1 133 1 1 16 159526 93.042 1.767 0.004 0.003 92.542 977.770
1 134 1 1 17 0 0.000 0.514 25.244 27.874 0.000 -0.000
1 135 1 1 18 0 0.000 0.514 25.244 27.874 0.000 -0.000
1 136 1 1 19 0 0.000 0.514 25.244 27.874 0.000 -0.000
1 137 1 1 20 159526 92.090 1.596 0.004 0.003 91.590 1343.285
1 138 1 1 21 159526 93.070 1.738 0.004 0.003 92.570 851.011
1 139 1 1 22 159526 92.954 1.830 0.005 0.003 92.454 751.388
1 140 1 1 23 159526 93.214 1.853 0.005 0.003 92.714 662.539
1 141 1 1 24 159526 94.061 1.645 0.004 0.003 93.561 998.631
1 142 1 1 25 159526 92.855 1.653 0.004 0.003 92.355 426.545
1 143 1 1 26 159526 93.386 1.692 0.004 0.003 92.886 906.134
1 144 1 1 27 159526 91.165 1.769 0.004 0.003 90.665 340.562
1 145 1 1 28 0 0.000 0.514 25.244 27.874 0.000 -0.000
1 146 1 1 29 159526 93.492 1.826 0.005 0.003 92.992 1099.322
1 147 1 1 30 159526 0.000 0.514 25.244 27.874 1.000 -0.000
1 148 1 1 31 159526 96.511 2.145 0.005 0.004 96.011 466.005
1 149 1 1 32 159526 91.333 2.141 0.005 0.004 90.833 215.634
1 150 1 1 33 159526 92.450 2.280 0.006 0.004 91.950 231.988
1 151 1 1 34 159526 90.407 1.925 0.005 0.003 89.907 118.124
1 152 1 1 35 159526 99.886 1.012 0.003 0.002 99.386 587.113
1 153 1 1 36 159526 93.821 2.448 0.006 0.004 93.321 402.630
1 154 1 1 37 0 0.000 0.514 25.244 27.874 0.000 -0.000
1 155 1 1 38 0 0.000 0.514 25.244 27.874 0.000 -0.000
1 156 2 0 0 159526 202.081 1.649 0.004 0.003 201.581 323.916
1 157 2 0 1 159526 90.831 1.756 0.004 0.003 90.331 208.288
1 158 2 0 2 159526 90.354 1.606 0.004 0.003 89.854 230.459
1 159 2 0 3 159526 92.065 1.818 0.005 0.003 91.565 260.413
1 160 2 0 4 159526 89.836 1.415 0.004 0.003 89.336 236.687
1 161 2 0 5 159526 91.387 1.933 0.005 0.003 90.887 374.776
1 162 2 0 6 159526 90.576 2.002 0.005 0.004 90.076 300.757
1 163 2 0 7 159526 91.583 1.715 0.004 0.003 91.083 507.691
1 164 2 0 8 0 0.000 0.514 25.244 27.874 0.000 -0.000
1 165 2 0 9 159526 87.084 1.742 0.004 0.003 86.584 282.561
1 166 2 0 10 159526 92.590 1.748 0.004 0.003 92.090 384.944
1 167 2 0 11 159526 63.496 1.870 0.005 0.003 62.996 1494.130
1 168 2 0 12 159526 91.876 1.602 0.004 0.003 91.376 383.711
1 169 2 0 13 159526 91.466 1.613 0.004 0.003 90.966 379.397
1 170 2 0 14 159526 91.236 1.612 0.004 0.003 90.736 482.298
1 171 2 0 15 159526 183.501 0.003 0.000 0.393 183.000 -159925.907
1 172 2 0 16 159526 86.355 1.706 0.004 0.003 85.855 793.982
1 173 2 0 17 0 0.000 0.514 25.244 27.874 0.000 -0.000
1 174 2 0 18 0 0.000 0.514 25.244 27.874 0.000 -0.000
1 175 2 0 19 0 0.000 0.514 25.244 27.874 0.000 -0.000
1 176 2 0 20 159526 92.820 0.990 0.002 0.002 92.320 4599.002
1 177 2 0 21 159526 94.206 0.984 0.002 0.002 93.706 4059.937
1 178 2 0 22 159526 92.099 1.579 0.004 0.003 91.599 748.351
1 179 2 0 23 159526 91.246 1.903 0.005 0.003 90.746 465.272
1 180 2 0 24 159526 91.230 1.632 0.004 0.003 90.730 637.863
1 181 2 0 25 159526 91.197 1.421 0.004 0.003 90.697 438.562
1 182 2 0 26 159526 92.996 1.812 0.005 0.003 92.496 632.688
1 183 2 0 27 159526 91.765 1.951 0.005 0.003 91.265 266.208
1 184 2 0 28 0 0.000 0.514 25.244 27.874 0.000 -0.000
1 185 2 0 29 159526 93.470 1.626 0.004 0.003 92.970 430.538
1 186 2 0 30 159526 93.533 1.717 0.004 0.003 93.033 500.129
1 187 2 0 31 159526 91.159 1.682 0.004 0.003 90.659 187.987
1 188 2 0 32 159526 91.702 1.704 0.004 0.003 91.202 173.213
1 189 2 0 33 159526 90.828 1.750 0.004 0.003 90.328 246.660
1 190 2 0 34 159526 91.618 1.783 0.004 0.003 91.118 266.531
1 191 2 0 35 159526 91.949 1.743 0.004 0.003 91.449 264.124
1 192 2 0 36 159526 90.844 1.700 0.004 0.003 90.344 252.113
1 193 2 0 37 0 0.000 0.514 25.244 27.874 0.000 -0.000
1 194 2 0 38 0 0.000 0.514 25.244 27.874 0.000 -0.000
1 195 2 1 0 159526 91.441 1.595 0.004 0.003 90.941 207.585
1 196 2 1 1 159526 90.869 1.596 0.004 0.003 90.369 205.873
1 197 2 1 2 159526 91.706 1.624 0.004 0.003 91.206 179.516
1 198 2 1 3 159526 91.163 1.579 0.004 0.003 90.663 275.048
1 199 2 1 4 159526 90.702 1.574 0.004 0.003 90.202 240.281
1 200 2 1 5 159526 91.692 1.578 0.004 0.003 91.192 488.774
1 201 2 1 6 159526 92.134 1.630 0.004 0.003 91.634 242.095
1 202 2 1 7 159526 90.564 1.546 0.004 0.003 90.064 219.237
1 203 2 1 8 0 0.000 0.514 25.244 27.874 0.000 -0.000
1 204 2 1 9 159526 90.742 1.520 0.004 0.003 90.242 362.628
1 205 2 1 10 159526 92.943 1.657 0.004 0.003 92.443 430.364
1 206 2 1 11 159526 89.150 1.609 0.004 0.003 88.650 230.729
1 207 2 1 12 159526 91.590 1.682 0.004 0.003 91.090 516.522
1 208 2 1 13 159526 91.714 1.592 0.004 0.003 91.214 397.266
1 209 2 1 14 159526 91.337 1.692 0.004 0.003 90.837 419.795
1 210 2 1 15 159526 87.267 1.617 0.004 0.003 86.767 554.782
1 211 2 1 16 159526 90.872 1.649 0.004 0.003 90.372 812.970
1 212 2 1 17 0 0.000 0.514 25.244 27.874 0.000 -0.000
1 213 2 1 18 0 0.000 0.514 25.244 27.874 0.000 -0.000
1 214 2 1 19 0 0.000 0.514 25.244 27.874 0.000 -0.000
1 215 2 1 20 159526 91.398 1.550 0.004 0.003 90.898 2763.119
1 216 2 1 21 159526 91.085 1.651 0.004 0.003 90.585 1163.581
1 217 2 1 22 159526 90.023 1.649 0.004 0.003 89.523 997.933
1 218 2 1 23 159526 199.487 1.643 0.004 0.003 198.987 560.041
1 219 2 1 24 159526 90.953 1.560 0.004 0.003 90.453 651.854
1 220 2 1 25 159526 91.037 1.501 0.004 0.003 90.537 530.722
1 221 2 1 26 159526 91.741 1.568 0.004 0.003 91.241 338.227
1 222 2 1 27 159526 90.177 1.581 0.004 0.003 89.677 207.957
1 223 2 1 28 0 0.000 0.514 25.244 27.874 0.000 -0.000
1 224 2 1 29 159526 90.676 1.694 0.004 0.003 90.176 184.977
1 225 2 1 30 159526 90.663 1.781 0.004 0.003 90.163 174.031
1 226 2 1 31 159526 92.245 1.802 0.005 0.003 91.745 183.086
1 227 2 1 32 159526 90.977 1.961 0.005 0.003 90.477 149.509
1 228 2 1 33 159526 90.325 1.713 0.004 0.003 89.825 162.384
1 229 2 1 34 159526 90.026 1.645 0.004 0.003 89.526 191.125
1 230 2 1 35 159526 91.263 1.642 0.004 0.003 90.763 250.651
1 231 2 1 36 159526 90.207 1.682 0.004 0.003 89.707 335.135
1 232 2 1 37 0 0.000 0.514 25.244 27.874 0.000 -0.000
1 233 2 1 38 0 0.000 0.514 25.244 27.874 0.000 -0.000
