0 0 0 0 0 87744 83.384 2.028 0.007 0.005 82.884 208.410
0 1 0 0 1 87744 82.991 2.170 0.007 0.005 82.491 185.382
0 2 0 0 2 87744 80.414 2.249 0.008 0.005 79.914 253.967
0 3 0 0 3 87744 78.540 2.200 0.007 0.005 78.040 223.316
0 4 0 0 4 87744 83.307 1.795 0.006 0.004 82.807 191.222
0 5 0 0 5 87744 77.637 2.276 0.008 0.005 77.137 173.039
0 6 0 0 6 87744 178.834 2.356 0.008 0.006 178.334 144.760
0 7 0 0 7 87744 79.415 1.894 0.006 0.005 78.915 267.015
0 8 0 0 8 0 0.000 0.514 25.244 27.874 0.000 -0.000
0 9 0 0 9 87744 47.612 1.742 0.006 0.004 47.112 145.249
0 10 0 0 10 87744 71.495 2.581 0.009 0.006 70.995 133.227
0 11 0 0 11 87744 138.231 1.873 0.006 0.004 137.731 209.263
0 12 0 0 12 87744 76.698 2.442 0.008 0.006 76.198 150.448
0 13 0 0 13 87744 78.623 2.186 0.007 0.005 78.123 213.690
0 14 0 0 14 87744 76.197 2.544 0.009 0.006 75.697 173.282
0 15 0 0 15 87744 84.067 2.234 0.008 0.005 83.567 172.692
0 16 0 0 16 87744 79.093 2.331 0.008 0.006 78.593 315.919
0 17 0 0 17 0 0.000 0.514 25.244 27.874 0.000 -0.000
0 18 0 0 18 0 0.000 0.514 25.244 27.874 0.000 -0.000
0 19 0 0 19 0 0.000 0.514 25.244 27.874 0.000 -0.000
0 20 0 0 20 87744 176.551 1.845 0.006 0.004 176.051 408.404
0 21 0 0 21 87744 86.172 2.174 0.007 0.005 85.672 402.338
0 22 0 0 22 87744 68.235 1.745 0.006 0.004 67.735 339.147
0 23 0 0 23 87744 82.878 2.146 0.007 0.005 82.378 240.039
0 24 0 0 24 87744 84.826 1.954 0.007 0.005 84.326 333.442
0 25 0 0 25 87744 85.012 1.495 0.005 0.004 84.512 427.540
0 26 0 0 26 87744 80.263 2.619 0.009 0.006 79.763 307.023
0 27 0 0 27 87744 79.506 2.286 0.008 0.005 79.006 387.553
0 28 0 0 28 0 0.000 0.514 25.244 27.874 0.000 -0.000
0 29 0 0 29 87744 99.988 2.247 0.008 0.005 99.488 351.178
0 30 0 0 30 87744 85.585 2.624 0.009 0.006 85.085 182.361
0 31 0 0 31 87744 90.869 2.031 0.007 0.005 90.369 182.030
0 32 0 0 32 87744 106.182 2.173 0.007 0.005 105.682 208.652
0 33 0 0 33 87744 81.277 2.162 0.007 0.005 80.777 167.906
0 34 0 0 34 87744 84.768 2.366 0.008 0.006 84.268 175.640
0 35 0 0 35 87744 85.216 2.060 0.007 0.005 84.716 153.290
0 36 0 0 36 87744 90.191 2.030 0.007 0.005 89.691 180.637
0 37 0 0 37 0 0.000 0.514 25.244 27.874 0.000 -0.000
0 38 0 0 38 0 0.000 0.514 25.244 27.874 0.000 -0.000
0 39 0 1 0 87744 90.280 1.965 0.007 0.005 89.780 469.495
0 40 0 1 1 87744 89.144 1.992 0.007 0.005 88.644 370.563
0 41 0 1 2 87744 83.284 2.309 0.008 0.006 82.784 324.331
0 42 0 1 3 87744 191.799 2.088 0.007 0.005 191.299 420.257
0 43 0 1 4 87744 88.711 2.198 0.007 0.005 88.211 464.226
0 44 0 1 5 87744 86.433 2.045 0.007 0.005 85.933 445.971
0 45 0 1 6 87744 88.373 2.358 0.008 0.006 87.873 307.948
0 46 0 1 7 87744 89.372 2.326 0.008 0.006 88.872 288.996
0 47 0 1 8 0 0.000 0.514 25.244 27.874 0.000 -0.000
0 48 0 1 9 87744 84.445 2.274 0.008 0.005 83.945 211.440
0 49 0 1 10 87744 80.524 2.459 0.008 0.006 80.024 296.656
0 50 0 1 11 87744 85.869 2.240 0.008 0.005 85.369 278.060
0 51 0 1 12 87744 85.790 2.597 0.009 0.006 85.290 299.254
0 52 0 1 13 87744 86.409 2.083 0.007 0.005 85.909 202.656
0 53 0 1 14 87744 83.315 2.623 0.009 0.006 82.815 158.452
0 54 0 1 15 87744 85.208 2.200 0.007 0.005 84.708 299.584
0 55 0 1 16 87744 88.295 2.421 0.008 0.006 87.795 486.252
0 56 0 1 17 0 0.000 0.514 25.244 27.874 0.000 -0.000
0 57 0 1 18 0 0.000 0.514 25.244 27.874 0.000 -0.000
0 58 0 1 19 0 0.000 0.514 25.244 27.874 0.000 -0.000
0 59 0 1 20 87744 88.723 2.006 0.007 0.005 88.223 383.632
0 60 0 1 21 87744 85.181 2.096 0.007 0.005 84.681 356.563
0 61 0 1 22 87744 86.866 2.268 0.008 0.005 86.366 302.412
0 62 0 1 23 87744 87.813 2.017 0.007 0.005 87.313 258.001
0 63 0 1 24 87744 88.722 2.088 0.007 0.005 88.222 232.674
0 64 0 1 25 87744 89.976 1.946 0.007 0.005 89.476 343.993
0 65 0 1 26 87744 91.549 2.153 0.007 0.005 91.049 393.654
0 66 0 1 27 87744 90.265 2.120 0.007 0.005 89.765 447.831
0 67 0 1 28 0 0.000 0.514 25.244 27.874 0.000 -0.000
0 68 0 1 29 87744 90.662 2.082 0.007 0.005 90.162 301.845
0 69 0 1 30 87744 92.606 2.528 0.009 0.006 92.106 482.797
0 70 0 1 31 87744 84.551 2.222 0.008 0.005 84.051 304.132
0 71 0 1 32 87744 93.837 2.419 0.008 0.006 93.337 267.927
0 72 0 1 33 87744 86.455 2.209 0.007 0.005 85.955 333.824
0 73 0 1 34 87744 88.234 2.064 0.007 0.005 87.734 229.084
0 74 0 1 35 87744 95.192 1.871 0.006 0.004 94.692 598.684
0 75 0 1 36 87744 95.462 1.949 0.007 0.005 94.962 401.524
0 76 0 1 37 0 0.000 0.514 25.244 27.874 0.000 -0.000
0 77 0 1 38 0 0.000 0.514 25.244 27.874 0.000 -0.000
0 78 1 0 0 87744 90.166 1.849 0.006 0.004 89.666 142.682
0 79 1 0 1 87744 87.220 1.905 0.006 0.005 86.720 156.128
0 80 1 0 2 87744 86.181 2.104 0.007 0.005 85.681 170.345
0 81 1 0 3 87744 87.296 1.972 0.007 0.005 86.796 460.868
0 82 1 0 4 87744 81.940 2.067 0.007 0.005 81.440 97.191
0 83 1 0 5 87744 82.360 2.033 0.007 0.005 81.860 200.635
0 84 1 0 6 87744 90.216 1.552 0.005 0.004 89.716 476.657
0 85 1 0 7 87744 84.703 1.852 0.006 0.004 84.202 391.411
0 86 1 0 8 0 0.000 0.514 25.244 27.874 0.000 -0.000
0 87 1 0 9 87744 172.223 1.705 0.006 0.004 171.723 357.660
0 88 1 0 10 87744 83.158 2.315 0.008 0.006 82.658 331.541
0 89 1 0 11 87744 82.024 1.686 0.006 0.004 81.524 364.877
0 90 1 0 12 87744 85.607 2.151 0.007 0.005 85.107 241.353
0 91 1 0 13 87744 85.758 1.961 0.007 0.005 85.258 244.009
0 92 1 0 14 87744 84.273 2.229 0.008 0.005 83.773 279.638
0 93 1 0 15 87744 86.132 1.992 0.007 0.005 85.632 207.383
0 94 1 0 16 87744 82.976 2.376 0.008 0.006 82.476 210.496
0 95 1 0 17 0 0.000 0.514 25.244 27.874 0.000 -0.000
0 96 1 0 18 0 0.000 0.514 25.244 27.874 0.000 -0.000
0 97 1 0 19 0 0.000 0.514 25.244 27.874 0.000 -0.000
0 98 1 0 20 87744 69.277 2.449 0.008 0.006 68.698 245.720
0 99 1 0 21 87744 86.036 2.079 0.007 0.005 85.536 186.854
0 100 1 0 22 87744 87.956 1.965 0.007 0.005 87.456 355.438
0 101 1 0 23 87744 83.162 2.070 0.007 0.005 82.662 213.419
0 102 1 0 24 87744 85.698 1.912 0.006 0.005 85.198 385.898
0 103 1 0 25 87744 86.868 1.534 0.005 0.004 86.368 282.733
0 104 1 0 26 87744 84.474 2.490 0.008 0.006 83.974 376.415
0 105 1 0 27 87744 82.637 2.365 0.008 0.006 82.137 477.774
0 106 1 0 28 0 0.000 0.514 25.244 27.874 0.000 -0.000
0 107 1 0 29 87744 89.490 2.050 0.007 0.005 88.990 178.850
0 108 1 0 30 87744 94.117 2.221 0.007 0.005 93.617 385.360
0 109 1 0 31 87744 90.228 1.871 0.006 0.004 89.728 268.950
0 110 1 0 32 87744 90.895 1.935 0.007 0.005 90.395 191.422
0 111 1 0 33 87744 84.227 2.042 0.007 0.005 83.727 179.096
0 112 1 0 34 87744 84.312 2.114 0.007 0.005 83.812 203.108
0 113 1 0 35 87744 88.705 2.172 0.007 0.005 88.205 232.073
0 114 1 0 36 87744 89.686 2.234 0.008 0.005 89.186 153.424
0 115 1 0 37 0 0.000 0.514 25.244 27.874 0.000 -0.000
0 116 1 0 38 0 0.000 0.514 25.244 27.874 0.000 -0.000
0 117 1 1 0 87744 85.023 1.782 0.006 0.004 84.523 217.811
0 118 1 1 1 87744 87.494 1.849 0.006 0.004 86.994 136.583
0 119 1 1 2 87744 83.324 1.996 0.007 0.005 82.824 226.476
0 120 1 1 3 87744 80.417 1.901 0.006 0.005 79.917 126.633
0 121 1 1 4 87744 82.720 1.942 0.007 0.005 82.220 131.224
0 122 1 1 5 87744 87.685 1.002 0.003 0.002 87.185 543.863
0 123 1 1 6 87744 80.830 2.063 0.007 0.005 80.330 193.067
0 124 1 1 7 87744 82.470 2.082 0.007 0.005 81.970 227.527
0 125 1 1 8 0 0.000 0.514 25.244 27.874 0.000 -0.000
0 126 1 1 9 87744 76.186 2.019 0.007 0.005 75.686 548.539
0 127 1 1 10 87744 79.038 2.217 0.007 0.005 78.538 253.794
0 128 1 1 11 87744 81.896 1.954 0.007 0.005 81.396 293.598
0 129 1 1 12 87744 82.369 2.355 0.008 0.006 81.869 266.027
0 130 1 1 13 87744 84.692 1.872 0.006 0.004 84.192 462.028
0 131 1 1 14 87744 80.984 2.386 0.008 0.006 80.484 227.704
0 132 1 1 15 87744 0.000 0.514 25.244 27.874 512.000 -0.000
0 133 1 1 16 87744 190.047 2.277 0.008 0.005 189.547 186.338
0 134 1 1 17 0 0.000 0.514 25.244 27.874 0.000 -0.000
0 135 1 1 18 0 0.000 0.514 25.244 27.874 0.000 -0.000
0 136 1 1 19 0 0.000 0.514 25.244 27.874 0.000 -0.000
0 137 1 1 20 87744 82.751 2.034 0.007 0.005 82.251 271.259
0 138 1 1 21 87744 81.679 2.093 0.007 0.005 81.179 290.499
0 139 1 1 22 87744 77.406 2.414 0.008 0.006 76.906 236.398
0 140 1 1 23 87744 81.081 2.145 0.007 0.005 80.581 243.647
0 141 1 1 24 87744 77.550 2.247 0.008 0.005 77.050 292.287
0 142 1 1 25 87744 80.696 1.819 0.006 0.004 80.196 333.093
0 143 1 1 26 87744 82.491 2.059 0.007 0.005 81.991 399.795
0 144 1 1 27 87744 83.580 2.030 0.007 0.005 83.080 219.340
0 145 1 1 28 0 0.000 0.514 25.244 27.874 0.000 -0.000
0 146 1 1 29 87744 82.696 2.004 0.007 0.005 82.196 253.310
0 147 1 1 30 87744 84.731 2.375 0.008 0.006 84.231 294.366
0 148 1 1 31 87744 79.009 2.214 0.007 0.005 78.509 361.888
0 149 1 1 32 87744 80.795 2.350 0.008 0.006 80.295 169.640
0 150 1 1 33 87744 82.132 2.177 0.007 0.005 81.632 258.291
0 151 1 1 34 87744 81.611 1.969 0.007 0.005 81.111 222.338
0 152 1 1 35 87744 85.078 1.961 0.007 0.005 84.578 1083.651
0 153 1 1 36 87744 85.002 2.076 0.007 0.005 84.502 219.614
0 154 1 1 37 0 0.000 0.514 25.244 27.874 0.000 -0.000
0 155 1 1 38 0 0.000 0.514 25.244 27.874 0.000 -0.000
0 156 2 0 0 87744 83.283 1.947 0.007 0.005 82.783 152.065
0 157 2 0 1 87744 80.744 1.922 0.006 0.005 80.244 172.066
0 158 2 0 2 87744 76.259 2.070 0.007 0.005 75.759 146.215
0 159 2 0 3 87744 78.799 2.090 0.007 0.005 78.299 141.995
0 160 2 0 4 87744 83.036 1.660 0.006 0.004 82.536 150.452
0 161 2 0 5 87744 75.191 2.320 0.008 0.006 74.691 137.630
0 162 2 0 6 87744 73.428 2.759 0.009 0.007 72.928 109.595
0 163 2 0 7 87744 80.831 1.941 0.007 0.005 80.331 132.593
0 164 2 0 8 0 0.000 0.514 25.244 27.874 0.000 -0.000
0 165 2 0 9 87744 81.454 1.865 0.006 0.004 80.954 142.289
0 166 2 0 10 87744 72.985 2.690 0.009 0.006 72.485 134.939
0 167 2 0 11 87744 85.485 0.049 0.000 1.547 85.000 -61033.566
0 168 2 0 12 87744 79.532 2.428 0.008 0.006 79.030 215.915
0 169 2 0 13 87744 86.278 0.917 0.003 0.002 85.778 668.092
0 170 2 0 14 87744 74.334 2.290 0.008 0.005 73.834 164.453
0 171 2 0 15 87744 87.467 1.009 0.003 0.002 86.967 360.574
0 172 2 0 16 87744 78.529 2.286 0.008 0.005 78.029 274.060
0 173 2 0 17 0 0.000 0.514 25.244 27.874 0.000 -0.000
0 174 2 0 18 0 0.000 0.514 25.244 27.874 0.000 -0.000
0 175 2 0 19 0 0.000 0.514 25.244 27.874 0.000 -0.000
0 176 2 0 20 87744 80.485 0.049 0.000 1.548 80.000 -66975.187
0 177 2 0 21 87744 79.352 1.730 0.006 0.004 78.852 325.852
0 178 2 0 22 87744 69.488 0.048 0.000 1.889 69.000 -47950.020
0 179 2 0 23 87744 74.981 2.182 0.007 0.005 74.481 222.345
0 180 2 0 24 87744 78.419 2.031 0.007 0.005 77.919 299.939
0 181 2 0 25 87744 82.680 1.578 0.005 0.004 82.180 414.688
0 182 2 0 26 87744 72.149 3.267 0.011 0.008 71.495 245.013
0 183 2 0 27 87744 75.424 2.272 0.008 0.005 74.924 261.292
0 184 2 0 28 0 0.000 0.514 25.244 27.874 0.000 -0.000
0 185 2 0 29 87744 81.177 2.074 0.007 0.005 80.677 191.998
0 186 2 0 30 87744 79.201 2.475 0.008 0.006 78.701 312.275
0 187 2 0 31 87744 86.694 1.936 0.007 0.005 86.194 212.199
0 188 2 0 32 87744 84.047 2.023 0.007 0.005 83.547 207.225
0 189 2 0 33 87744 69.930 0.914 0.003 0.002 69.430 454.194
0 190 2 0 34 87744 80.459 2.131 0.007 0.005 79.959 154.035
0 191 2 0 35 87744 187.170 1.904 0.006 0.005 186.670 295.877
0 192 2 0 36 87744 85.019 1.998 0.007 0.005 84.519 178.738
0 193 2 0 37 0 0.000 0.514 25.244 27.874 0.000 -0.000
0 194 2 0 38 0 0.000 0.514 25.244 27.874 0.000 -0.000
0 195 2 1 0 87744 85.906 2.036 0.007 0.005 85.406 289.610
0 196 2 1 1 87744 88.977 2.044 0.007 0.005 88.477 462.688
0 197 2 1 2 87744 81.472 2.312 0.008 0.006 80.972 307.086
0 198 2 1 3 87744 85.717 2.164 0.007 0.005 85.217 134.823
0 199 2 1 4 87744 83.786 2.415 0.008 0.006 83.286 135.837
0 200 2 1 5 87744 86.518 2.064 0.007 0.005 86.018 163.353
0 201 2 1 6 87744 81.720 2.402 0.008 0.006 81.220 107.171
0 202 2 1 7 87744 88.155 2.412 0.008 0.006 87.655 136.033
0 203 2 1 8 0 0.000 0.514 25.244 27.874 0.000 -0.000
0 204 2 1 9 87744 78.091 2.235 0.008 0.005 77.591 179.316
0 205 2 1 10 87744 84.456 2.716 0.009 0.006 83.956 157.685
0 206 2 1 11 87744 80.803 2.220 0.007 0.005 80.303 137.079
0 207 2 1 12 87744 79.278 2.845 0.010 0.007 78.778 107.397
0 208 2 1 13 87744 82.027 2.124 0.007 0.005 81.527 105.017
0 209 2 1 14 87744 192.065 2.980 0.010 0.007 191.565 139.708
0 210 2 1 15 87744 82.066 2.281 0.008 0.005 81.566 162.821
0 211 2 1 16 87744 80.093 2.740 0.009 0.007 79.593 191.403
0 212 2 1 17 0 0.000 0.514 25.244 27.874 0.000 -0.000
0 213 2 1 18 0 0.000 0.514 25.244 27.874 0.000 -0.000
0 214 2 1 19 0 0.000 0.514 25.244 27.874 0.000 -0.000
0 215 2 1 20 87744 81.922 2.072 0.007 0.005 81.422 280.659
0 216 2 1 21 87744 81.520 2.064 0.007 0.005 81.020 320.962
0 217 2 1 22 87744 77.901 2.266 0.008 0.005 77.401 247.626
0 218 2 1 23 87744 81.420 2.005 0.007 0.005 80.920 316.833
0 219 2 1 24 87744 82.049 2.146 0.007 0.005 81.549 193.925
0 220 2 1 25 87744 81.426 1.889 0.006 0.005 80.926 138.049
0 221 2 1 26 87744 78.438 2.292 0.008 0.005 77.938 284.021
0 222 2 1 27 87744 86.008 2.142 0.007 0.005 85.508 222.880
0 223 2 1 28 0 0.000 0.514 25.244 27.874 0.000 -0.000
0 224 2 1 29 87744 81.781 2.114 0.007 0.005 81.281 192.266
0 225 2 1 30 87744 82.531 2.636 0.009 0.006 82.031 129.206
0 226 2 1 31 87744 83.849 2.338 0.008 0.006 83.349 174.063
0 227 2 1 32 87744 85.118 2.533 0.009 0.006 84.618 84.880
0 228 2 1 33 87744 89.219 2.301 0.008 0.005 88.719 171.035
0 229 2 1 34 87744 91.672 2.201 0.007 0.005 91.172 243.396
0 230 2 1 35 87744 95.036 0.791 0.000 0.002 94.461 1356.064
0 231 2 1 36 87744 97.372 2.133 0.007 0.005 96.872 283.480
0 232 2 1 37 0 0.000 0.514 25.244 27.874 0.000 -0.000
0 233 2 1 38 0 0.000 0.514 25.244 27.874 0.000 -0.000
1 0 0 0 0 87744 94.298 1.636 0.006 0.004 93.798 411.734
1 1 0 0 1 87744 94.917 0.830 0.003 0.002 94.417 637.399
1 2 0 0 2 87744 94.664 1.633 0.006 0.004 94.164 476.985
1 3 0 0 3 87744 93.606 1.733 0.006 0.004 93.106 771.893
1 4 0 0 4 87744 93.924 1.385 0.005 0.003 93.424 511.919
1 5 0 0 5 87744 96.445 1.852 0.006 0.004 95.945 306.886
1 6 0 0 6 87744 93.030 1.848 0.006 0.004 92.530 439.949
1 7 0 0 7 87744 93.982 1.527 0.005 0.004 93.482 501.053
1 8 0 0 8 0 0.000 0.514 25.244 27.874 0.000 -0.000
1 9 0 0 9 87744 60.411 1.526 0.005 0.004 59.911 363.257
1 10 0 0 10 87744 94.142 1.783 0.006 0.004 93.642 749.436
1 11 0 0 11 87744 93.838 1.477 0.005 0.004 93.338 844.663
1 12 0 0 12 87744 95.461 1.499 0.005 0.004 94.961 898.622
1 13 0 0 13 87744 93.751 1.547 0.005 0.004 93.251 748.083
1 14 0 0 14 87744 93.895 1.639 0.006 0.004 93.395 649.462
1 15 0 0 15 87744 93.830 1.652 0.006 0.004 93.330 805.184
1 16 0 0 16 87744 94.455 1.680 0.006 0.004 93.955 838.992
1 17 0 0 17 0 0.000 0.514 25.244 27.874 0.000 -0.000
1 18 0 0 18 0 0.000 0.514 25.244 27.874 0.000 -0.000
1 19 0 0 19 0 0.000 0.514 25.244 27.874 0.000 -0.000
1 20 0 0 20 87744 95.056 1.441 0.005 0.003 94.556 1754.634
1 21 0 0 21 87744 94.343 1.650 0.006 0.004 93.843 1035.934
1 22 0 0 22 87744 93.946 1.442 0.005 0.003 93.446 883.122
1 23 0 0 23 87744 97.044 1.741 0.006 0.004 96.544 932.819
1 24 0 0 24 87744 95.247 1.467 0.005 0.004 94.747 895.856
1 25 0 0 25 87744 94.682 1.264 0.004 0.003 94.182 1883.824
1 26 0 0 26 87744 94.703 1.777 0.006 0.004 94.203 1105.333
1 27 0 0 27 87744 92.734 1.936 0.007 0.005 92.234 555.532
1 28 0 0 28 0 0.000 0.514 25.244 27.874 0.000 -0.000
1 29 0 0 29 87744 203.483 2.055 0.007 0.005 202.983 392.717
1 30 0 0 30 87744 94.051 1.710 0.006 0.004 93.551 1106.949
1 31 0 0 31 87744 93.622 1.671 0.006 0.004 93.122 867.922
1 32 0 0 32 87744 93.928 2.255 0.008 0.005 93.428 835.967
1 33 0 0 33 87744 93.292 1.793 0.006 0.004 92.792 689.578
1 34 0 0 34 87744 94.046 1.856 0.006 0.004 93.546 697.945
1 35 0 0 35 87744 94.546 1.670 0.006 0.004 94.046 594.532
1 36 0 0 36 87744 93.149 1.756 0.006 0.004 92.649 528.963
1 37 0 0 37 0 0.000 0.514 25.244 27.874 0.000 -0.000
1 38 0 0 38 0 0.000 0.514 25.244 27.874 0.000 -0.000
1 39 0 1 0 87744 85.893 1.687 0.006 0.004 85.393 116.215
1 40 0 1 1 87744 85.116 1.758 0.006 0.004 84.616 114.976
1 41 0 1 2 87744 89.260 1.808 0.006 0.004 88.760 134.094
1 42 0 1 3 87744 84.904 1.755 0.006 0.004 84.404 122.322
1 43 0 1 4 87744 86.637 1.675 0.006 0.004 86.137 133.883
1 44 0 1 5 87744 87.764 1.721 0.006 0.004 87.264 101.864
1 45 0 1 6 87744 87.864 1.690 0.006 0.004 87.364 117.599
1 46 0 1 7 87744 86.348 1.739 0.006 0.004 85.848 119.747
1 47 0 1 8 0 0.000 0.514 25.244 27.874 0.000 -0.000
1 48 0 1 9 87744 85.043 1.727 0.006 0.004 84.543 108.984
1 49 0 1 10 87744 86.959 1.714 0.006 0.004 86.459 198.816
1 50 0 1 11 87744 86.826 1.695 0.006 0.004 86.326 225.153
1 51 0 1 12 87744 85.615 1.727 0.006 0.004 85.115 386.872
1 52 0 1 13 87744 86.715 1.718 0.006 0.004 86.215 252.838
1 53 0 1 14 87744 86.256 1.738 0.006 0.004 85.756 335.835
1 54 0 1 15 87744 89.156 1.681 0.006 0.004 88.656 537.878
1 55 0 1 16 87744 89.202 1.748 0.006 0.004 88.702 619.819
1 56 0 1 17 0 0.000 0.514 25.244 27.874 0.000 -0.000
1 57 0 1 18 0 0.000 0.514 25.244 27.874 0.000 -0.000
1 58 0 1 19 0 0.000 0.514 25.244 27.874 0.000 -0.000
1 59 0 1 20 87744 84.302 1.547 0.005 0.004 83.802 867.135
1 60 0 1 21 87744 86.878 1.702 0.006 0.004 86.378 648.810
1 61 0 1 22 87744 87.835 1.761 0.006 0.004 87.335 429.000
1 62 0 1 23 87744 87.086 1.769 0.006 0.004 86.586 371.377
1 63 0 1 24 87744 85.951 1.644 0.006 0.004 85.451 438.939
1 64 0 1 25 87744 83.193 1.617 0.005 0.004 82.693 179.628
1 65 0 1 26 87744 87.233 1.674 0.006 0.004 86.733 250.083
1 66 0 1 27 87744 87.090 1.724 0.006 0.004 86.590 134.630
1 67 0 1 28 0 0.000 0.514 25.244 27.874 0.000 -0.000
1 68 0 1 29 87744 86.169 1.775 0.006 0.004 85.669 131.116
1 69 0 1 30 87744 89.447 1.861 0.006 0.004 88.947 274.522
1 70 0 1 31 87744 88.392 1.969 0.007 0.005 87.892 85.478
1 71 0 1 32 87744 86.553 2.034 0.007 0.005 86.053 155.578
1 72 0 1 33 87744 89.399 1.900 0.006 0.005 88.899 102.060
1 73 0 1 34 87744 86.755 1.791 0.006 0.004 86.255 93.081
1 74 0 1 35 87744 81.630 1.736 0.006 0.004 81.130 91.902
1 75 0 1 36 87744 198.117 1.891 0.006 0.005 197.617 89.612
1 76 0 1 37 0 0.000 0.514 25.244 27.874 0.000 -0.000
1 77 0 1 38 0 0.000 0.514 25.244 27.874 0.000 -0.000
1 78 1 0 0 87744 91.852 1.852 0.006 0.004 91.352 228.101
1 79 1 0 1 87744 94.197 1.794 0.006 0.004 93.697 877.775
1 80 1 0 2 87744 95.221 1.695 0.006 0.004 94.721 530.572
1 81 1 0 3 87744 96.005 1.689 0.006 0.004 95.505 1061.310
1 82 1 0 4 87744 93.461 1.846 0.006 0.004 92.961 383.924
1 83 1 0 5 87744 208.083 1.859 0.006 0.004 207.583 94.198
1 84 1 0 6 87744 95.461 1.412 0.005 0.003 94.961 603.009
1 85 1 0 7 87744 94.715 1.563 0.005 0.004 94.215 572.124
1 86 1 0 8 0 0.000 0.514 25.244 27.874 0.000 -0.000
1 87 1 0 9 87744 95.934 1.494 0.005 0.004 95.434 764.447
1 88 1 0 10 87744 95.428 1.820 0.006 0.004 94.928 885.244
1 89 1 0 11 87744 93.324 1.791 0.006 0.004 92.824 671.400
1 90 1 0 12 87744 94.208 1.604 0.005 0.004 93.708 768.196
1 91 1 0 13 87744 94.869 1.628 0.005 0.004 94.369 681.502
1 92 1 0 14 87744 94.179 1.671 0.006 0.004 93.679 765.255
1 93 1 0 15 87744 97.224 2.476 0.008 0.006 96.725 553.460
1 94 1 0 16 87744 95.170 1.784 0.006 0.004 94.670 850.033
1 95 1 0 17 0 0.000 0.514 25.244 27.874 0.000 -0.000
1 96 1 0 18 0 0.000 0.514 25.244 27.874 0.000 -0.000
1 97 1 0 19 0 0.000 0.514 25.244 27.874 0.000 -0.000
1 98 1 0 20 87744 72.280 1.850 0.006 0.004 71.780 237.192
1 99 1 0 21 87744 195.856 1.918 0.006 0.005 195.356 218.837
1 100 1 0 22 87744 88.647 1.862 0.006 0.004 88.147 260.648
1 101 1 0 23 87744 97.117 1.862 0.006 0.004 96.617 438.054
1 102 1 0 24 87744 94.789 1.530 0.005 0.004 94.289 597.590
1 103 1 0 25 87744 94.709 1.361 0.005 0.003 94.209 936.889
1 104 1 0 26 87744 94.433 1.972 0.007 0.005 93.933 1104.819
1 105 1 0 27 87744 94.980 2.060 0.007 0.005 94.480 334.480
1 106 1 0 28 0 0.000 0.514 25.244 27.874 0.000 -0.000
1 107 1 0 29 87744 96.146 1.748 0.006 0.004 95.646 288.547
1 108 1 0 30 87744 97.047 1.990 0.007 0.005 96.547 459.359
1 109 1 0 31 87744 92.916 1.763 0.006 0.004 92.416 338.604
1 110 1 0 32 87744 97.767 1.770 0.006 0.004 97.267 387.840
1 111 1 0 33 87744 96.532 1.792 0.006 0.004 96.032 611.982
1 112 1 0 34 87744 101.201 1.240 0.004 0.003 100.701 263.411
1 113 1 0 35 87744 91.987 2.042 0.007 0.005 91.487 233.353
1 114 1 0 36 87744 99.151 2.652 0.009 0.006 98.651 144.635
1 115 1 0 37 0 0.000 0.514 25.244 27.874 0.000 -0.000
1 116 1 0 38 0 0.000 0.514 25.244 27.874 0.000 -0.000
1 117 1 1 0 87744 93.850 1.560 0.005 0.004 93.349 382.976
1 118 1 1 1 87744 92.814 1.691 0.006 0.004 92.314 288.732
1 119 1 1 2 87744 92.825 1.672 0.006 0.004 92.325 261.026
1 120 1 1 3 87744 91.837 1.791 0.006 0.004 91.337 176.972
1 121 1 1 4 87744 92.921 1.711 0.006 0.004 92.421 480.834
1 122 1 1 5 87744 92.752 1.664 0.006 0.004 92.252 289.798
1 123 1 1 6 87744 92.310 1.662 0.006 0.004 91.810 230.847
1 124 1 1 7 87744 92.590 1.710 0.006 0.004 92.090 330.108
1 125 1 1 8 0 0.000 0.514 25.244 27.874 0.000 -0.000
1 126 1 1 9 87744 92.519 1.695 0.006 0.004 92.019 236.122
1 127 1 1 10 87744 192.911 1.634 0.006 0.004 192.411 103.928
1 128 1 1 11 87744 94.149 1.613 0.005 0.004 93.649 586.715
1 129 1 1 12 87744 94.089 1.652 0.006 0.004 93.589 499.809
1 130 1 1 13 87744 93.873 1.593 0.005 0.004 93.373 565.300
1 131 1 1 14 87744 92.525 1.769 0.006 0.004 92.025 391.239
1 132 1 1 15 87744 94.878 1.596 0.005 0.004 94.378 612.933
1 133 1 1 16 87744 93.709 1.741 0.006 0.004 93.209 611.422
1 134 1 1 17 0 0.000 0.514 25.244 27.874 0.000 -0.000
1 135 1 1 18 0 0.000 0.514 25.244 27.874 0.000 -0.000
1 136 1 1 19 0 0.000 0.514 25.244 27.874 0.000 -0.000
1 137 1 1 20 87744 92.471 1.611 0.005 0.004 91.971 937.734
1 138 1 1 21 87744 92.596 1.764 0.006 0.004 92.096 417.678
1 139 1 1 22 87744 93.618 1.802 0.006 0.004 93.118 443.724
1 140 1 1 23 87744 92.648 1.876 0.006 0.004 92.148 313.143
1 141 1 1 24 87744 94.381 1.628 0.005 0.004 93.881 542.540
1 142 1 1 25 87744 93.202 1.639 0.006 0.004 92.702 318.385
1 143 1 1 26 87744 93.646 1.680 0.006 0.004 93.146 463.842
1 144 1 1 27 87744 91.348 1.773 0.006 0.004 90.848 183.178
1 145 1 1 28 0 0.000 0.514 25.244 27.874 0.000 -0.000
1 146 1 1 29 87744 93.843 1.809 0.006 0.004 93.343 617.637
1 147 1 1 30 87744 0.000 0.514 25.244 27.874 1.000 -0.000
1 148 1 1 31 87744 96.524 2.149 0.007 0.005 96.024 268.775
1 149 1 1 32 87744 91.472 2.152 0.007 0.005 90.972 109.233
1 150 1 1 33 87744 92.244 2.292 0.008 0.005 91.744 143.845
1 151 1 1 34 87744 90.356 1.919 0.006 0.005 89.856 75.164
1 152 1 1 35 87744 99.907 1.013 0.003 0.002 99.407 445.691
1 153 1 1 36 87744 93.579 2.456 0.008 0.006 93.079 250.088
1 154 1 1 37 0 0.000 0.514 25.244 27.874 0.000 -0.000
1 155 1 1 38 0 0.000 0.514 25.244 27.874 0.000 -0.000
1 156 2 0 0 87744 202.090 2.229 0.008 0.008 201.604 1676.626
1 157 2 0 1 87744 91.030 1.755 0.006 0.004 90.530 115.945
1 158 2 0 2 87744 90.270 1.613 0.005 0.004 89.770 138.410
1 159 2 0 3 87744 92.119 1.820 0.006 0.004 91.619 146.548
1 160 2 0 4 87744 89.939 1.415 0.005 0.003 89.439 161.852
1 161 2 0 5 87744 91.696 1.941 0.007 0.005 91.195 233.523
1 162 2 0 6 87744 90.624 1.998 0.007 0.005 90.124 149.694
1 163 2 0 7 87744 91.982 1.721 0.006 0.004 91.482 278.617
1 164 2 0 8 0 0.000 0.514 25.244 27.874 0.000 -0.000
1 165 2 0 9 87744 87.323 1.739 0.006 0.004 86.823 139.568
1 166 2 0 10 87744 92.788 1.749 0.006 0.004 92.288 191.147
1 167 2 0 11 87744 63.640 1.867 0.006 0.004 63.140 901.738
1 168 2 0 12 87744 92.111 1.596 0.005 0.004 91.611 229.950
1 169 2 0 13 87744 91.630 1.621 0.005 0.004 91.130 207.588
1 170 2 0 14 87744 91.592 1.614 0.005 0.004 91.092 267.607
1 171 2 0 15 87744 183.500 0.000 0.000 0.985 183.000 -88040.717
1 172 2 0 16 87744 86.492 1.707 0.006 0.004 85.992 412.238
1 173 2 0 17 0 0.000 0.514 25.244 27.874 0.000 -0.000
1 174 2 0 18 0 0.000 0.514 25.244 27.874 0.000 -0.000
1 175 2 0 19 0 0.000 0.514 25.244 27.874 0.000 -0.000
1 176 2 0 20 87744 92.821 0.988 0.003 0.002 92.321 2796.303
1 177 2 0 21 87744 94.173 0.984 0.003 0.002 93.673 2168.501
1 178 2 0 22 87744 92.228 1.573 0.005 0.004 91.728 568.447
1 179 2 0 23 87744 91.092 1.903 0.006 0.005 90.592 292.965
1 180 2 0 24 87744 91.613 1.640 0.006 0.004 91.113 384.889
1 181 2 0 25 87744 91.686 1.434 0.005 0.003 91.186 327.776
1 182 2 0 26 87744 92.975 1.807 0.006 0.004 92.475 335.113
1 183 2 0 27 87744 91.537 1.952 0.007 0.005 91.037 135.711
1 184 2 0 28 0 0.000 0.514 25.244 27.874 0.000 -0.000
1 185 2 0 29 87744 93.523 1.612 0.005 0.004 93.023 212.078
1 186 2 0 30 87744 93.878 1.697 0.006 0.004 93.378 314.015
1 187 2 0 31 87744 91.568 1.687 0.006 0.004 91.068 116.865
1 188 2 0 32 87744 91.751 1.703 0.006 0.004 91.251 108.521
1 189 2 0 33 87744 90.641 1.747 0.006 0.004 90.141 142.050
1 190 2 0 34 87744 91.543 1.782 0.006 0.004 91.043 158.077
1 191 2 0 35 87744 91.798 1.748 0.006 0.004 91.298 153.742
1 192 2 0 36 87744 90.807 1.692 0.006 0.004 90.307 152.313
1 193 2 0 37 0 0.000 0.514 25.244 27.874 0.000 -0.000
1 194 2 0 38 0 0.000 0.514 25.244 27.874 0.000 -0.000
1 195 2 1 0 87744 91.861 1.600 0.005 0.004 91.361 121.694
1 196 2 1 1 87744 90.961 1.595 0.005 0.004 90.461 131.582
1 197 2 1 2 87744 92.220 1.626 0.005 0.004 91.720 117.209
1 198 2 1 3 87744 91.280 1.577 0.005 0.004 90.780 160.837
1 199 2 1 4 87744 90.980 1.579 0.005 0.004 90.480 148.582
1 200 2 1 5 87744 91.957 1.584 0.005 0.004 91.457 280.358
1 201 2 1 6 87744 92.479 1.626 0.005 0.004 91.979 165.484
1 202 2 1 7 87744 90.522 1.546 0.005 0.004 90.022 137.426
1 203 2 1 8 0 0.000 0.514 25.244 27.874 0.000 -0.000
1 204 2 1 9 87744 90.970 1.535 0.005 0.004 90.470 235.023
1 205 2 1 10 87744 92.923 1.658 0.006 0.004 92.423 252.904
1 206 2 1 11 87744 89.689 1.606 0.005 0.004 89.189 150.018
1 207 2 1 12 87744 91.693 1.687 0.006 0.004 91.193 309.988
1 208 2 1 13 87744 92.179 1.587 0.005 0.004 91.679 258.556
1 209 2 1 14 87744 91.642 1.691 0.006 0.004 91.142 273.506
1 210 2 1 15 87744 87.591 1.623 0.005 0.004 87.091 330.922
1 211 2 1 16 87744 91.589 1.676 0.006 0.004 91.089 477.776
1 212 2 1 17 0 0.000 0.514 25.244 27.874 0.000 -0.000
1 213 2 1 18 0 0.000 0.514 25.244 27.874 0.000 -0.000
1 214 2 1 19 0 0.000 0.514 25.244 27.874 0.000 -0.000
1 215 2 1 20 87744 91.782 1.545 0.005 0.004 91.282 1673.588
1 216 2 1 21 87744 91.346 1.662 0.006 0.004 90.846 636.409
1 217 2 1 22 87744 90.533 1.674 0.006 0.004 90.033 547.974
1 218 2 1 23 87744 200.187 1.641 0.006 0.004 199.687 279.845
1 219 2 1 24 87744 91.439 1.567 0.005 0.004 90.939 446.143
1 220 2 1 25 87744 91.261 1.519 0.005 0.004 90.761 264.728
1 221 2 1 26 87744 91.993 1.571 0.005 0.004 91.493 223.802
1 222 2 1 27 87744 90.535 1.590 0.005 0.004 90.035 134.228
1 223 2 1 28 0 0.000 0.514 25.244 27.874 0.000 -0.000
1 224 2 1 29 87744 90.576 1.694 0.006 0.004 90.076 99.613
1 225 2 1 30 87744 90.928 1.791 0.006 0.004 90.428 111.003
1 226 2 1 31 87744 92.410 1.797 0.006 0.004 91.910 124.008
1 227 2 1 32 87744 90.965 1.958 0.007 0.005 90.465 79.849
1 228 2 1 33 87744 90.657 1.719 0.006 0.004 90.157 121.136
1 229 2 1 34 87744 90.368 1.655 0.006 0.004 89.868 134.851
1 230 2 1 35 87744 91.588 1.651 0.006 0.004 91.088 141.467
1 231 2 1 36 87744 91.014 1.704 0.006 0.004 90.514 178.740
1 232 2 1 37 0 0.000 0.514 25.244 27.874 0.000 -0.000
1 233 2 1 38 0 0.000 0.514 25.244 27.874 0.000 -0.000
