0 0 0 0 0 156431 83.456 2.020 0.005 0.004 82.956 358.500
0 1 0 0 1 156431 83.089 2.154 0.005 0.004 82.589 337.826
0 2 0 0 2 156431 79.971 2.235 0.006 0.004 79.471 475.576
0 3 0 0 3 156431 78.408 2.177 0.006 0.004 77.908 401.254
0 4 0 0 4 156431 83.232 1.794 0.005 0.003 82.732 292.639
0 5 0 0 5 156431 77.398 2.268 0.006 0.004 76.898 294.887
0 6 0 0 6 156431 178.721 2.334 0.006 0.004 178.221 248.607
0 7 0 0 7 156431 79.280 1.899 0.005 0.003 78.780 425.240
0 8 0 0 8 0 0.000 0.514 25.244 27.874 0.000 -0.000
0 9 0 0 9 156431 47.487 1.731 0.004 0.003 46.987 234.739
0 10 0 0 10 156431 70.799 2.563 0.006 0.005 70.299 197.557
0 11 0 0 11 156431 137.554 1.859 0.005 0.003 137.054 311.500
0 12 0 0 12 156431 75.831 2.424 0.006 0.004 75.331 255.167
0 13 0 0 13 156431 78.093 2.171 0.005 0.004 77.593 370.363
0 14 0 0 14 156431 75.755 2.538 0.006 0.005 75.255 276.026
0 15 0 0 15 156431 83.290 2.205 0.006 0.004 82.790 288.608
0 16 0 0 16 156431 78.556 2.309 0.006 0.004 78.056 528.139
0 17 0 0 17 0 0.000 0.514 25.244 27.874 0.000 -0.000
0 18 0 0 18 0 0.000 0.514 25.244 27.874 0.000 -0.000
0 19 0 0 19 0 0.000 0.514 25.244 27.874 0.000 -0.000
0 20 0 0 20 156431 176.047 1.823 0.005 0.003 175.547 684.530
0 21 0 0 21 156431 85.858 2.155 0.005 0.004 85.358 621.776
0 22 0 0 22 156431 67.930 1.731 0.004 0.003 67.430 558.465
0 23 0 0 23 156431 82.438 2.103 0.005 0.004 81.938 405.812
0 24 0 0 24 156431 84.247 1.931 0.005 0.003 83.747 456.073
0 25 0 0 25 156431 84.473 1.495 0.004 0.003 83.973 607.681
0 26 0 0 26 156431 79.954 2.580 0.007 0.005 79.454 505.731
0 27 0 0 27 156431 79.020 2.247 0.006 0.004 78.520 639.340
0 28 0 0 28 0 0.000 0.514 25.244 27.874 0.000 -0.000
0 29 0 0 29 156431 99.480 2.235 0.006 0.004 98.980 623.175
0 30 0 0 30 156431 85.255 2.595 0.007 0.005 84.755 282.979
0 31 0 0 31 156431 90.875 2.007 0.005 0.004 90.375 325.369
0 32 0 0 32 156431 105.991 2.165 0.005 0.004 105.491 330.153
0 33 0 0 33 156431 81.050 2.133 0.005 0.004 80.550 305.436
0 34 0 0 34 156431 84.583 2.339 0.006 0.004 84.083 326.730
0 35 0 0 35 156431 85.314 2.034 0.005 0.004 84.814 275.524
0 36 0 0 36 156431 90.190 2.001 0.005 0.004 89.690 322.611
0 37 0 0 37 0 0.000 0.514 25.244 27.874 0.000 -0.000
0 38 0 0 38 0 0.000 0.514 25.244 27.874 0.000 -0.000
0 39 0 1 0 156431 90.462 1.956 0.005 0.003 89.962 764.336
0 40 0 1 1 156431 88.832 1.987 0.005 0.004 88.332 652.235
0 41 0 1 2 156431 83.266 2.299 0.006 0.004 82.766 592.096
0 42 0 1 3 156431 191.344 2.085 0.005 0.004 190.844 704.984
0 43 0 1 4 156431 88.575 2.209 0.006 0.004 88.075 711.732
0 44 0 1 5 156431 85.750 2.043 0.005 0.004 85.250 728.979
0 45 0 1 6 156431 87.756 2.349 0.006 0.004 87.256 576.229
0 46 0 1 7 156431 88.965 2.295 0.006 0.004 88.465 575.861
0 47 0 1 8 0 0.000 0.514 25.244 27.874 0.000 -0.000
0 48 0 1 9 156431 82.637 2.131 0.005 0.004 82.137 371.535
0 49 0 1 10 156431 80.031 2.445 0.006 0.004 79.531 551.038
0 50 0 1 11 156431 85.366 2.231 0.006 0.004 84.866 493.846
0 51 0 1 12 156431 85.100 2.590 0.007 0.005 84.600 503.512
0 52 0 1 13 156431 85.929 2.072 0.005 0.004 85.429 357.167
0 53 0 1 14 156431 82.760 2.601 0.007 0.005 82.260 264.017
0 54 0 1 15 156431 84.555 2.192 0.006 0.004 84.055 562.966
0 55 0 1 16 156431 88.114 2.417 0.006 0.004 87.614 881.875
0 56 0 1 17 0 0.000 0.514 25.244 27.874 0.000 -0.000
0 57 0 1 18 0 0.000 0.514 25.244 27.874 0.000 -0.000
0 58 0 1 19 0 0.000 0.514 25.244 27.874 0.000 -0.000
0 59 0 1 20 156431 88.011 2.003 0.005 0.004 87.511 743.590
0 60 0 1 21 156431 84.746 2.096 0.005 0.004 84.246 601.582
0 61 0 1 22 156431 86.219 2.243 0.006 0.004 85.719 577.949
0 62 0 1 23 156431 87.175 2.003 0.005 0.004 86.675 423.063
0 63 0 1 24 156431 88.160 2.057 0.005 0.004 87.660 364.329
0 64 0 1 25 156431 89.601 1.919 0.005 0.003 89.101 607.792
0 65 0 1 26 156431 90.984 2.139 0.005 0.004 90.484 609.522
0 66 0 1 27 156431 89.682 2.098 0.005 0.004 89.182 775.687
0 67 0 1 28 0 0.000 0.514 25.244 27.874 0.000 -0.000
0 68 0 1 29 156431 90.123 2.061 0.005 0.004 89.623 480.001
0 69 0 1 30 156431 92.346 2.518 0.006 0.005 91.846 841.366
0 70 0 1 31 156431 84.486 2.220 0.006 0.004 83.986 537.464
0 71 0 1 32 156431 93.303 2.424 0.006 0.004 92.803 463.521
0 72 0 1 33 156431 86.752 2.189 0.006 0.004 86.252 594.859
0 73 0 1 34 156431 87.791 2.050 0.005 0.004 87.291 366.912
0 74 0 1 35 156431 95.133 1.856 0.005 0.003 94.633 1094.282
0 75 0 1 36 156431 95.339 1.932 0.005 0.003 94.839 673.978
0 76 0 1 37 0 0.000 0.514 25.244 27.874 0.000 -0.000
0 77 0 1 38 0 0.000 0.514 25.244 27.874 0.000 -0.000
0 78 1 0 0 156431 90.462 1.860 0.005 0.003 89.962 241.901
0 79 1 0 1 156431 87.466 1.910 0.005 0.003 86.966 268.294
0 80 1 0 2 156431 87.269 2.112 0.005 0.004 86.769 284.509
0 81 1 0 3 156431 87.870 1.974 0.005 0.004 87.370 680.670
0 82 1 0 4 156431 82.626 2.093 0.005 0.004 82.126 178.458
0 83 1 0 5 156431 82.717 2.044 0.005 0.004 82.217 337.433
0 84 1 0 6 156431 90.797 1.571 0.004 0.003 90.297 705.101
0 85 1 0 7 156431 85.157 1.841 0.005 0.003 84.657 674.013
0 86 1 0 8 0 0.000 0.514 25.244 27.874 0.000 -0.000
0 87 1 0 9 156431 172.695 1.693 0.004 0.003 172.195 603.852
0 88 1 0 10 156431 83.894 2.333 0.006 0.004 83.394 605.191
0 89 1 0 11 156431 82.435 1.713 0.004 0.003 81.935 575.839
0 90 1 0 12 156431 86.278 2.160 0.005 0.004 85.778 385.723
0 91 1 0 13 156431 85.995 1.965 0.005 0.004 85.495 393.990
0 92 1 0 14 156431 85.040 2.230 0.006 0.004 84.540 431.252
0 93 1 0 15 156431 86.736 1.992 0.005 0.004 86.236 291.114
0 94 1 0 16 156431 83.715 2.395 0.006 0.004 83.215 332.070
0 95 1 0 17 0 0.000 0.514 25.244 27.874 0.000 -0.000
0 96 1 0 18 0 0.000 0.514 25.244 27.874 0.000 -0.000
0 97 1 0 19 0 0.000 0.514 25.244 27.874 0.000 -0.000
0 98 1 0 20 156431 70.157 2.457 0.006 0.004 69.567 416.371
0 99 1 0 21 156431 86.683 2.079 0.005 0.004 86.183 312.832
0 100 1 0 22 156431 88.496 1.968 0.005 0.004 87.996 575.700
0 101 1 0 23 156431 83.496 2.089 0.005 0.004 82.996 336.846
0 102 1 0 24 156431 86.217 1.917 0.005 0.003 85.717 633.692
0 103 1 0 25 156431 87.392 1.542 0.004 0.003 86.892 441.729
0 104 1 0 26 156431 85.319 2.488 0.006 0.004 84.819 603.989
0 105 1 0 27 156431 82.811 2.382 0.006 0.004 82.311 740.393
0 106 1 0 28 0 0.000 0.514 25.244 27.874 0.000 -0.000
0 107 1 0 29 156431 89.637 2.059 0.005 0.004 89.137 297.917
0 108 1 0 30 156431 94.788 2.217 0.006 0.004 94.288 638.003
0 109 1 0 31 156431 90.412 1.882 0.005 0.003 89.912 384.046
0 110 1 0 32 156431 90.980 1.941 0.005 0.003 90.480 312.136
0 111 1 0 33 156431 84.385 2.045 0.005 0.004 83.885 302.373
0 112 1 0 34 156431 84.447 2.118 0.005 0.004 83.947 313.382
0 113 1 0 35 156431 88.445 2.174 0.005 0.004 87.945 366.962
0 114 1 0 36 156431 89.819 2.226 0.006 0.004 89.319 248.012
0 115 1 0 37 0 0.000 0.514 25.244 27.874 0.000 -0.000
0 116 1 0 38 0 0.000 0.514 25.244 27.874 0.000 -0.000
0 117 1 1 0 156431 84.886 1.781 0.005 0.003 84.386 345.515
0 118 1 1 1 156431 87.094 1.847 0.005 0.003 86.594 257.319
0 119 1 1 2 156431 82.816 1.948 0.005 0.003 82.316 356.359
0 120 1 1 3 156431 79.840 1.884 0.005 0.003 79.340 223.121
0 121 1 1 4 156431 82.212 1.934 0.005 0.003 81.712 219.268
0 122 1 1 5 156431 87.460 1.001 0.003 0.002 86.960 1104.474
0 123 1 1 6 156431 80.389 2.068 0.005 0.004 79.889 366.702
0 124 1 1 7 156431 82.253 2.085 0.005 0.004 81.753 365.229
0 125 1 1 8 0 0.000 0.514 25.244 27.874 0.000 -0.000
0 126 1 1 9 156431 76.094 2.024 0.005 0.004 75.594 936.744
0 127 1 1 10 156431 78.763 2.214 0.006 0.004 78.263 407.530
0 128 1 1 11 156431 81.427 1.937 0.005 0.003 80.927 549.833
0 129 1 1 12 156431 81.832 2.350 0.006 0.004 81.332 436.832
0 130 1 1 13 156431 84.156 1.875 0.005 0.003 83.656 693.370
0 131 1 1 14 156431 81.741 2.398 0.006 0.004 81.241 413.747
0 132 1 1 15 156431 0.000 0.514 25.244 27.874 512.000 -0.000
0 133 1 1 16 156431 189.812 2.277 0.006 0.004 189.312 329.944
0 134 1 1 17 0 0.000 0.514 25.244 27.874 0.000 -0.000
0 135 1 1 18 0 0.000 0.514 25.244 27.874 0.000 -0.000
0 136 1 1 19 0 0.000 0.514 25.244 27.874 0.000 -0.000
0 137 1 1 20 156431 81.494 2.001 0.005 0.004 80.994 469.699
0 138 1 1 21 156431 81.723 2.095 0.005 0.004 81.223 500.503
0 139 1 1 22 156431 76.538 2.425 0.006 0.004 76.038 404.185
0 140 1 1 23 156431 80.055 2.240 0.006 0.004 79.555 448.602
0 141 1 1 24 156431 76.890 2.251 0.006 0.004 76.390 478.130
0 142 1 1 25 156431 80.455 1.813 0.005 0.003 79.955 555.760
0 143 1 1 26 156431 81.915 2.046 0.005 0.004 81.415 648.248
0 144 1 1 27 156431 83.210 2.024 0.005 0.004 82.710 346.331
0 145 1 1 28 0 0.000 0.514 25.244 27.874 0.000 -0.000
0 146 1 1 29 156431 82.327 1.988 0.005 0.004 81.827 402.838
0 147 1 1 30 156431 84.341 2.364 0.006 0.004 83.841 450.647
0 148 1 1 31 156431 78.518 2.222 0.006 0.004 78.018 640.663
0 149 1 1 32 156431 80.410 2.361 0.006 0.004 79.910 305.207
0 150 1 1 33 156431 81.712 2.165 0.005 0.004 81.212 386.051
0 151 1 1 34 156431 80.862 1.956 0.005 0.003 80.362 370.068
0 152 1 1 35 156431 84.734 1.975 0.005 0.004 84.234 1671.554
0 153 1 1 36 156431 84.760 2.075 0.005 0.004 84.260 356.735
0 154 1 1 37 0 0.000 0.514 25.244 27.874 0.000 -0.000
0 155 1 1 38 0 0.000 0.514 25.244 27.874 0.000 -0.000
0 156 2 0 0 156431 83.255 1.933 0.005 0.003 82.755 277.366
0 157 2 0 1 156431 80.854 1.912 0.005 0.003 80.354 339.175
0 158 2 0 2 156431 75.884 2.060 0.005 0.004 75.384 256.211
0 159 2 0 3 156431 78.655 2.092 0.005 0.004 78.155 256.320
0 160 2 0 4 156431 82.864 1.651 0.004 0.003 82.364 235.669
0 161 2 0 5 156431 74.744 2.312 0.006 0.004 74.244 215.596
0 162 2 0 6 156431 73.212 2.779 0.007 0.005 72.712 190.675
0 163 2 0 7 156431 80.433 1.941 0.005 0.003 79.933 266.551
0 164 2 0 8 0 0.000 0.514 25.244 27.874 0.000 -0.000
0 165 2 0 9 156431 81.254 1.862 0.005 0.003 80.754 264.320
0 166 2 0 10 156431 72.309 2.711 0.007 0.005 71.809 251.927
0 167 2 0 11 156431 83.498 0.010 0.000 0.751 83.000 -13486420.584
0 168 2 0 12 156431 79.085 2.455 0.006 0.004 78.578 304.693
0 169 2 0 13 156431 86.077 0.895 0.002 0.002 85.577 1058.978
0 170 2 0 14 156431 73.840 2.283 0.006 0.004 73.340 319.756
0 171 2 0 15 156431 87.287 0.999 0.003 0.002 86.787 719.897
0 172 2 0 16 156431 78.264 2.281 0.006 0.004 77.764 469.382
0 173 2 0 17 0 0.000 0.514 25.244 27.874 0.000 -0.000
0 174 2 0 18 0 0.000 0.514 25.244 27.874 0.000 -0.000
0 175 2 0 19 0 0.000 0.514 25.244 27.874 0.000 -0.000
0 176 2 0 20 156431 80.498 0.010 0.000 0.837 80.000 -156827.014
0 177 2 0 21 156431 79.099 1.730 0.004 0.003 78.599 619.395
0 178 2 0 22 156431 73.500 0.001 0.000 1.062 73.000 -156827.014
0 179 2 0 23 156431 74.888 2.183 0.006 0.004 74.388 431.056
0 180 2 0 24 156431 77.711 2.052 0.005 0.004 77.211 530.375
0 181 2 0 25 156431 82.759 1.582 0.004 0.003 82.259 739.458
0 182 2 0 26 156431 71.720 3.283 0.008 0.006 71.057 436.500
0 183 2 0 27 156431 74.994 2.261 0.006 0.004 74.494 412.203
0 184 2 0 28 0 0.000 0.514 25.244 27.874 0.000 -0.000
0 185 2 0 29 156431 81.024 2.064 0.005 0.004 80.524 409.533
0 186 2 0 30 156431 79.069 2.456 0.006 0.004 78.569 525.256
0 187 2 0 31 156431 86.193 1.933 0.005 0.003 85.693 369.639
0 188 2 0 32 156431 83.773 2.013 0.005 0.004 83.273 372.570
0 189 2 0 33 156431 69.697 0.919 0.002 0.002 69.197 967.471
0 190 2 0 34 156431 79.968 2.125 0.005 0.004 79.468 312.431
0 191 2 0 35 156431 187.089 1.892 0.005 0.003 186.589 415.787
0 192 2 0 36 156431 84.997 1.980 0.005 0.004 84.496 315.203
0 193 2 0 37 0 0.000 0.514 25.244 27.874 0.000 -0.000
0 194 2 0 38 0 0.000 0.514 25.244 27.874 0.000 -0.000
0 195 2 1 0 156431 85.421 2.044 0.005 0.004 84.921 505.417
0 196 2 1 1 156431 88.240 2.041 0.005 0.004 87.740 849.817
0 197 2 1 2 156431 80.572 2.294 0.006 0.004 80.072 618.840
0 198 2 1 3 156431 84.906 2.167 0.005 0.004 84.406 228.203
0 199 2 1 4 156431 82.901 2.409 0.006 0.004 82.401 230.943
0 200 2 1 5 156431 85.681 2.066 0.005 0.004 85.181 318.295
0 201 2 1 6 156431 80.804 2.388 0.006 0.004 80.304 209.437
0 202 2 1 7 156431 87.487 2.421 0.006 0.004 86.987 226.056
0 203 2 1 8 0 0.000 0.514 25.244 27.874 0.000 -0.000
0 204 2 1 9 156431 77.599 2.196 0.006 0.004 77.099 331.034
0 205 2 1 10 156431 83.252 2.705 0.007 0.005 82.752 302.199
0 206 2 1 11 156431 80.026 2.222 0.006 0.004 79.526 250.005
0 207 2 1 12 156431 77.947 2.865 0.007 0.005 77.447 200.061
0 208 2 1 13 156431 81.195 2.106 0.005 0.004 80.695 193.564
0 209 2 1 14 156431 190.770 3.002 0.008 0.005 190.270 230.756
0 210 2 1 15 156431 81.153 2.272 0.006 0.004 80.653 289.194
0 211 2 1 16 156431 78.591 2.758 0.007 0.005 78.091 330.076
0 212 2 1 17 0 0.000 0.514 25.244 27.874 0.000 -0.000
0 213 2 1 18 0 0.000 0.514 25.244 27.874 0.000 -0.000
0 214 2 1 19 0 0.000 0.514 25.244 27.874 0.000 -0.000
0 215 2 1 20 156431 81.300 2.064 0.005 0.004 80.800 475.254
0 216 2 1 21 156431 80.926 2.058 0.005 0.004 80.426 610.767
0 217 2 1 22 156431 77.009 2.295 0.006 0.004 76.509 372.923
0 218 2 1 23 156431 81.070 1.995 0.005 0.004 80.570 598.702
0 219 2 1 24 156431 81.175 2.129 0.005 0.004 80.675 341.150
0 220 2 1 25 156431 80.909 1.882 0.005 0.003 80.409 269.675
0 221 2 1 26 156431 77.243 2.330 0.006 0.004 76.743 519.992
0 222 2 1 27 156431 85.352 2.144 0.005 0.004 84.852 416.745
0 223 2 1 28 0 0.000 0.514 25.244 27.874 0.000 -0.000
0 224 2 1 29 156431 80.929 2.096 0.005 0.004 80.429 419.981
0 225 2 1 30 156431 81.361 2.634 0.007 0.005 80.861 244.466
0 226 2 1 31 156431 83.494 2.348 0.006 0.004 82.994 305.157
0 227 2 1 32 156431 84.316 2.544 0.006 0.005 83.816 156.504
0 228 2 1 33 156431 88.733 2.313 0.006 0.004 88.233 316.017
0 229 2 1 34 156431 91.544 2.203 0.006 0.004 91.044 467.146
0 230 2 1 35 156431 94.874 0.914 0.002 0.002 94.374 363013.504
0 231 2 1 36 156431 97.537 2.137 0.005 0.004 97.037 531.272
0 232 2 1 37 0 0.000 0.514 25.244 27.874 0.000 -0.000
0 233 2 1 38 0 0.000 0.514 25.244 27.874 0.000 -0.000
1 0 0 0 0 156431 94.292 1.629 0.004 0.003 93.792 738.043
1 1 0 0 1 156431 94.759 0.839 0.002 0.001 94.259 1116.493
1 2 0 0 2 156431 94.934 1.611 0.004 0.003 94.434 869.244
1 3 0 0 3 156431 93.832 1.707 0.004 0.003 93.332 1274.213
1 4 0 0 4 156431 94.000 1.368 0.003 0.002 93.500 1090.923
1 5 0 0 5 156431 96.776 1.850 0.005 0.003 96.276 538.758
1 6 0 0 6 156431 93.287 1.819 0.005 0.003 92.787 741.737
1 7 0 0 7 156431 93.987 1.520 0.004 0.003 93.487 807.199
1 8 0 0 8 0 0.000 0.514 25.244 27.874 0.000 -0.000
1 9 0 0 9 156431 60.789 1.523 0.004 0.003 60.289 676.578
1 10 0 0 10 156431 94.236 1.765 0.004 0.003 93.736 1249.163
1 11 0 0 11 156431 93.893 1.461 0.004 0.003 93.393 1352.909
1 12 0 0 12 156431 95.042 1.476 0.004 0.003 94.542 1696.781
1 13 0 0 13 156431 93.573 1.549 0.004 0.003 93.073 1168.582
1 14 0 0 14 156431 93.717 1.645 0.004 0.003 93.217 1059.661
1 15 0 0 15 156431 93.505 1.657 0.004 0.003 93.005 1238.597
1 16 0 0 16 156431 94.359 1.669 0.004 0.003 93.859 1487.189
1 17 0 0 17 0 0.000 0.514 25.244 27.874 0.000 -0.000
1 18 0 0 18 0 0.000 0.514 25.244 27.874 0.000 -0.000
1 19 0 0 19 0 0.000 0.514 25.244 27.874 0.000 -0.000
1 20 0 0 20 156431 94.722 1.436 0.004 0.003 94.222 2861.025
1 21 0 0 21 156431 94.465 1.629 0.004 0.003 93.965 1919.404
1 22 0 0 22 156431 93.786 1.457 0.004 0.003 93.286 1483.419
1 23 0 0 23 156431 97.199 1.731 0.004 0.003 96.699 1560.900
1 24 0 0 24 156431 94.996 1.457 0.004 0.003 94.496 1686.145
1 25 0 0 25 156431 94.291 1.265 0.003 0.002 93.791 3397.433
1 26 0 0 26 156431 94.354 1.770 0.004 0.003 93.854 1908.671
1 27 0 0 27 156431 92.643 1.923 0.005 0.003 92.143 929.723
1 28 0 0 28 0 0.000 0.514 25.244 27.874 0.000 -0.000
1 29 0 0 29 156431 202.971 2.032 0.005 0.004 202.471 683.808
1 30 0 0 30 156431 93.457 1.739 0.004 0.003 92.957 1722.543
1 31 0 0 31 156431 93.457 1.665 0.004 0.003 92.957 1336.330
1 32 0 0 32 156431 93.748 2.224 0.006 0.004 93.248 1475.164
1 33 0 0 33 156431 92.953 1.802 0.005 0.003 92.453 1150.231
1 34 0 0 34 156431 93.798 1.847 0.005 0.003 93.298 1353.026
1 35 0 0 35 156431 94.561 1.650 0.004 0.003 94.061 886.594
1 36 0 0 36 156431 93.035 1.743 0.004 0.003 92.535 1000.471
1 37 0 0 37 0 0.000 0.514 25.244 27.874 0.000 -0.000
1 38 0 0 38 0 0.000 0.514 25.244 27.874 0.000 -0.000
1 39 0 1 0 156431 86.286 1.665 0.004 0.003 85.786 194.630
1 40 0 1 1 156431 84.933 1.747 0.004 0.003 84.433 218.703
1 41 0 1 2 156431 89.503 1.788 0.005 0.003 89.003 236.150
1 42 0 1 3 156431 84.995 1.743 0.004 0.003 84.495 210.543
1 43 0 1 4 156431 85.678 1.662 0.004 0.003 85.178 198.526
1 44 0 1 5 156431 88.133 1.688 0.004 0.003 87.633 174.620
1 45 0 1 6 156431 87.644 1.684 0.004 0.003 87.144 187.355
1 46 0 1 7 156431 84.874 1.754 0.004 0.003 84.374 170.204
1 47 0 1 8 0 0.000 0.514 25.244 27.874 0.000 -0.000
1 48 0 1 9 156431 83.473 1.711 0.004 0.003 82.973 153.448
1 49 0 1 10 156431 86.797 1.711 0.004 0.003 86.297 316.028
1 50 0 1 11 156431 86.434 1.680 0.004 0.003 85.934 350.954
1 51 0 1 12 156431 85.289 1.724 0.004 0.003 84.789 613.757
1 52 0 1 13 156431 86.440 1.707 0.004 0.003 85.940 406.189
1 53 0 1 14 156431 85.890 1.724 0.004 0.003 85.390 607.081
1 54 0 1 15 156431 89.231 1.669 0.004 0.003 88.731 728.483
1 55 0 1 16 156431 88.694 1.743 0.004 0.003 88.194 1042.046
1 56 0 1 17 0 0.000 0.514 25.244 27.874 0.000 -0.000
1 57 0 1 18 0 0.000 0.514 25.244 27.874 0.000 -0.000
1 58 0 1 19 0 0.000 0.514 25.244 27.874 0.000 -0.000
1 59 0 1 20 156431 83.874 1.556 0.004 0.003 83.374 1437.489
1 60 0 1 21 156431 86.896 1.691 0.004 0.003 86.396 1074.237
1 61 0 1 22 156431 87.489 1.761 0.004 0.003 86.989 758.151
1 62 0 1 23 156431 86.829 1.764 0.004 0.003 86.329 702.399
1 63 0 1 24 156431 85.454 1.628 0.004 0.003 84.954 771.414
1 64 0 1 25 156431 83.083 1.602 0.004 0.003 82.583 293.827
1 65 0 1 26 156431 86.788 1.659 0.004 0.003 86.288 512.038
1 66 0 1 27 156431 86.663 1.715 0.004 0.003 86.163 290.758
1 67 0 1 28 0 0.000 0.514 25.244 27.874 0.000 -0.000
1 68 0 1 29 156431 86.133 1.768 0.004 0.003 85.633 226.941
1 69 0 1 30 156431 88.991 1.858 0.005 0.003 88.491 450.806
1 70 0 1 31 156431 88.280 1.957 0.005 0.003 87.780 152.151
1 71 0 1 32 156431 86.289 2.033 0.005 0.004 85.789 290.486
1 72 0 1 33 156431 88.944 1.890 0.005 0.003 88.444 168.724
1 73 0 1 34 156431 86.559 1.779 0.004 0.003 86.059 177.912
1 74 0 1 35 156431 81.587 1.728 0.004 0.003 81.087 181.588
1 75 0 1 36 156431 197.914 1.881 0.005 0.003 197.414 165.702
1 76 0 1 37 0 0.000 0.514 25.244 27.874 0.000 -0.000
1 77 0 1 38 0 0.000 0.514 25.244 27.874 0.000 -0.000
1 78 1 0 0 156431 91.418 1.846 0.005 0.003 90.918 353.296
1 79 1 0 1 156431 94.044 1.800 0.005 0.003 93.544 1389.974
1 80 1 0 2 156431 94.989 1.681 0.004 0.003 94.489 882.166
1 81 1 0 3 156431 95.747 1.671 0.004 0.003 95.247 1689.526
1 82 1 0 4 156431 93.447 1.847 0.005 0.003 92.947 657.404
1 83 1 0 5 156431 207.946 1.858 0.005 0.003 207.446 151.927
1 84 1 0 6 156431 95.077 1.401 0.004 0.003 94.577 1068.430
1 85 1 0 7 156431 94.356 1.566 0.004 0.003 93.856 838.082
1 86 1 0 8 0 0.000 0.514 25.244 27.874 0.000 -0.000
1 87 1 0 9 156431 95.276 1.462 0.004 0.003 94.776 1305.998
1 88 1 0 10 156431 94.949 1.808 0.005 0.003 94.449 1424.008
1 89 1 0 11 156431 93.241 1.795 0.005 0.003 92.741 820.016
1 90 1 0 12 156431 93.404 1.653 0.004 0.003 92.904 937.896
1 91 1 0 13 156431 94.521 1.643 0.004 0.003 94.021 959.130
1 92 1 0 14 156431 93.949 1.674 0.004 0.003 93.449 1182.932
1 93 1 0 15 156431 97.237 2.475 0.006 0.004 96.737 979.398
1 94 1 0 16 156431 94.501 1.787 0.005 0.003 94.001 1420.660
1 95 1 0 17 0 0.000 0.514 25.244 27.874 0.000 -0.000
1 96 1 0 18 0 0.000 0.514 25.244 27.874 0.000 -0.000
1 97 1 0 19 0 0.000 0.514 25.244 27.874 0.000 -0.000
1 98 1 0 20 156431 72.124 1.861 0.005 0.003 71.624 414.260
1 99 1 0 21 156431 195.424 1.917 0.005 0.003 194.924 378.904
1 100 1 0 22 156431 88.237 1.868 0.005 0.003 87.737 485.547
1 101 1 0 23 156431 96.943 1.857 0.005 0.003 96.443 622.360
1 102 1 0 24 156431 94.314 1.551 0.004 0.003 93.814 989.939
1 103 1 0 25 156431 94.099 1.378 0.003 0.002 93.599 1339.900
1 104 1 0 26 156431 93.980 1.980 0.005 0.004 93.480 1751.136
1 105 1 0 27 156431 94.701 2.043 0.005 0.004 94.201 504.515
1 106 1 0 28 0 0.000 0.514 25.244 27.874 0.000 -0.000
1 107 1 0 29 156431 95.684 1.720 0.004 0.003 95.184 489.106
1 108 1 0 30 156431 96.317 1.958 0.005 0.003 95.817 799.113
1 109 1 0 31 156431 92.656 1.764 0.004 0.003 92.156 434.407
1 110 1 0 32 156431 97.418 1.753 0.004 0.003 96.918 737.004
1 111 1 0 33 156431 96.463 1.772 0.004 0.003 95.963 932.144
1 112 1 0 34 156431 100.969 1.260 0.003 0.002 100.469 418.855
1 113 1 0 35 156431 92.024 2.037 0.005 0.004 91.524 433.419
1 114 1 0 36 156431 99.013 2.641 0.007 0.005 98.513 216.383
1 115 1 0 37 0 0.000 0.514 25.244 27.874 0.000 -0.000
1 116 1 0 38 0 0.000 0.514 25.244 27.874 0.000 -0.000
1 117 1 1 0 156431 93.776 1.568 0.004 0.003 93.276 815.611
1 118 1 1 1 156431 91.731 1.681 0.004 0.003 91.231 340.904
1 119 1 1 2 156431 92.259 1.685 0.004 0.003 91.759 422.468
1 120 1 1 3 156431 91.583 1.787 0.005 0.003 91.083 315.663
1 121 1 1 4 156431 92.931 1.692 0.004 0.003 92.431 816.382
1 122 1 1 5 156431 92.928 1.651 0.004 0.003 92.428 560.339
1 123 1 1 6 156431 92.131 1.656 0.004 0.003 91.631 371.160
1 124 1 1 7 156431 92.081 1.686 0.004 0.003 91.581 515.107
1 125 1 1 8 0 0.000 0.514 25.244 27.874 0.000 -0.000
1 126 1 1 9 156431 92.409 1.695 0.004 0.003 91.909 431.374
1 127 1 1 10 156431 192.840 1.628 0.004 0.003 192.340 172.915
1 128 1 1 11 156431 94.163 1.609 0.004 0.003 93.663 1148.765
1 129 1 1 12 156431 94.135 1.645 0.004 0.003 93.635 984.578
1 130 1 1 13 156431 93.912 1.571 0.004 0.003 93.412 1041.527
1 131 1 1 14 156431 95.812 1.635 0.004 0.003 95.312 1018.527
1 132 1 1 15 156431 94.921 1.584 0.004 0.003 94.421 1194.144
1 133 1 1 16 156431 94.026 1.706 0.004 0.003 93.526 1340.458
1 134 1 1 17 0 0.000 0.514 25.244 27.874 0.000 -0.000
1 135 1 1 18 0 0.000 0.514 25.244 27.874 0.000 -0.000
1 136 1 1 19 0 0.000 0.514 25.244 27.874 0.000 -0.000
1 137 1 1 20 156431 92.988 1.579 0.004 0.003 92.488 1607.038
1 138 1 1 21 156431 92.497 1.755 0.004 0.003 91.997 656.111
1 139 1 1 22 156431 93.588 1.790 0.005 0.003 93.088 862.015
1 140 1 1 23 156431 92.539 1.870 0.005 0.003 92.039 528.454
1 141 1 1 24 156431 94.207 1.630 0.004 0.003 93.707 1030.162
1 142 1 1 25 156431 93.229 1.625 0.004 0.003 92.729 504.925
1 143 1 1 26 156431 93.355 1.682 0.004 0.003 92.855 775.123
1 144 1 1 27 156431 91.425 1.766 0.004 0.003 90.925 373.564
1 145 1 1 28 0 0.000 0.514 25.244 27.874 0.000 -0.000
1 146 1 1 29 156431 93.940 1.793 0.005 0.003 93.440 1168.997
1 147 1 1 30 156431 0.000 0.514 25.244 27.874 1.000 -0.000
1 148 1 1 31 156431 96.911 2.156 0.005 0.004 96.411 424.474
1 149 1 1 32 156431 91.843 2.133 0.005 0.004 91.343 206.222
1 150 1 1 33 156431 92.606 2.273 0.006 0.004 92.106 282.032
1 151 1 1 34 156431 90.597 1.920 0.005 0.003 90.097 146.101
1 152 1 1 35 156431 99.743 1.014 0.003 0.002 99.243 668.778
1 153 1 1 36 156431 93.954 2.445 0.006 0.004 93.454 454.936
1 154 1 1 37 0 0.000 0.514 25.244 27.874 0.000 -0.000
1 155 1 1 38 0 0.000 0.514 25.244 27.874 0.000 -0.000
1 156 2 0 0 156431 201.962 1.644 0.004 0.003 201.462 301.505
1 157 2 0 1 156431 90.887 1.756 0.004 0.003 90.387 208.115
1 158 2 0 2 156431 90.325 1.606 0.004 0.003 89.825 205.356
1 159 2 0 3 156431 92.183 1.817 0.005 0.003 91.683 302.917
1 160 2 0 4 156431 89.858 1.415 0.004 0.003 89.358 244.371
1 161 2 0 5 156431 91.760 1.941 0.005 0.003 91.260 408.533
1 162 2 0 6 156431 90.550 1.997 0.005 0.004 90.050 285.221
1 163 2 0 7 156431 91.719 1.714 0.004 0.003 91.219 473.894
1 164 2 0 8 0 0.000 0.514 25.244 27.874 0.000 -0.000
1 165 2 0 9 156431 87.045 1.737 0.004 0.003 86.545 264.829
1 166 2 0 10 156431 92.547 1.758 0.004 0.003 92.047 363.345
1 167 2 0 11 156431 63.674 1.859 0.005 0.003 63.174 1459.123
1 168 2 0 12 156431 91.419 1.593 0.004 0.003 90.919 358.536
1 169 2 0 13 156431 91.771 1.616 0.004 0.003 91.271 391.190
1 170 2 0 14 156431 91.284 1.608 0.004 0.003 90.784 479.517
1 171 2 0 15 156431 183.500 0.000 0.000 0.002 183.000 -156827.014
1 172 2 0 16 156431 86.482 1.708 0.004 0.003 85.982 855.280
1 173 2 0 17 0 0.000 0.514 25.244 27.874 0.000 -0.000
1 174 2 0 18 0 0.000 0.514 25.244 27.874 0.000 -0.000
1 175 2 0 19 0 0.000 0.514 25.244 27.874 0.000 -0.000
1 176 2 0 20 156431 92.863 0.979 0.002 0.002 92.363 5849.934
1 177 2 0 21 156431 94.178 0.981 0.002 0.002 93.678 3978.424
1 178 2 0 22 156431 92.108 1.578 0.004 0.003 91.608 848.573
1 179 2 0 23 156431 91.047 1.902 0.005 0.003 90.547 499.420
1 180 2 0 24 156431 91.137 1.636 0.004 0.003 90.637 644.450
1 181 2 0 25 156431 91.306 1.428 0.004 0.003 90.806 500.163
1 182 2 0 26 156431 92.783 1.821 0.005 0.003 92.283 671.436
1 183 2 0 27 156431 91.473 1.948 0.005 0.003 90.973 247.378
1 184 2 0 28 0 0.000 0.514 25.244 27.874 0.000 -0.000
1 185 2 0 29 156431 93.343 1.623 0.004 0.003 92.843 407.753
1 186 2 0 30 156431 93.702 1.705 0.004 0.003 93.202 554.200
1 187 2 0 31 156431 91.236 1.684 0.004 0.003 90.736 183.910
1 188 2 0 32 156431 91.274 1.694 0.004 0.003 90.774 181.113
1 189 2 0 33 156431 90.811 1.747 0.004 0.003 90.311 240.529
1 190 2 0 34 156431 91.327 1.774 0.004 0.003 90.827 246.777
1 191 2 0 35 156431 91.509 1.739 0.004 0.003 91.009 252.137
1 192 2 0 36 156431 90.761 1.688 0.004 0.003 90.261 270.322
1 193 2 0 37 0 0.000 0.514 25.244 27.874 0.000 -0.000
1 194 2 0 38 0 0.000 0.514 25.244 27.874 0.000 -0.000
1 195 2 1 0 156431 91.429 1.588 0.004 0.003 90.929 211.475
1 196 2 1 1 156431 90.869 1.584 0.004 0.003 90.369 211.347
1 197 2 1 2 156431 92.080 1.620 0.004 0.003 91.580 179.039
1 198 2 1 3 156431 91.174 1.572 0.004 0.003 90.674 272.157
1 199 2 1 4 156431 90.582 1.567 0.004 0.003 90.082 246.328
1 200 2 1 5 156431 91.822 1.577 0.004 0.003 91.322 511.469
1 201 2 1 6 156431 92.074 1.625 0.004 0.003 91.574 195.883
1 202 2 1 7 156431 90.088 1.539 0.004 0.003 89.588 203.508
1 203 2 1 8 0 0.000 0.514 25.244 27.874 0.000 -0.000
1 204 2 1 9 156431 90.664 1.510 0.004 0.003 90.164 377.670
1 205 2 1 10 156431 93.097 1.643 0.004 0.003 92.597 435.041
1 206 2 1 11 156431 89.292 1.597 0.004 0.003 88.792 227.408
1 207 2 1 12 156431 91.498 1.671 0.004 0.003 90.998 465.789
1 208 2 1 13 156431 91.714 1.582 0.004 0.003 91.214 382.523
1 209 2 1 14 156431 91.440 1.688 0.004 0.003 90.940 521.147
1 210 2 1 15 156431 87.383 1.613 0.004 0.003 86.883 541.490
1 211 2 1 16 156431 90.970 1.650 0.004 0.003 90.470 836.940
1 212 2 1 17 0 0.000 0.514 25.244 27.874 0.000 -0.000
1 213 2 1 18 0 0.000 0.514 25.244 27.874 0.000 -0.000
1 214 2 1 19 0 0.000 0.514 25.244 27.874 0.000 -0.000
1 215 2 1 20 156431 91.241 1.546 0.004 0.003 90.741 2524.768
1 216 2 1 21 156431 91.061 1.652 0.004 0.003 90.561 1193.210
1 217 2 1 22 156431 90.149 1.649 0.004 0.003 89.649 1062.806
1 218 2 1 23 156431 199.759 1.635 0.004 0.003 199.259 505.613
1 219 2 1 24 156431 90.916 1.548 0.004 0.003 90.416 646.909
1 220 2 1 25 156431 90.806 1.492 0.004 0.003 90.306 473.681
1 221 2 1 26 156431 91.788 1.568 0.004 0.003 91.288 365.747
1 222 2 1 27 156431 90.154 1.575 0.004 0.003 89.654 249.758
1 223 2 1 28 0 0.000 0.514 25.244 27.874 0.000 -0.000
1 224 2 1 29 156431 90.665 1.689 0.004 0.003 90.165 184.125
1 225 2 1 30 156431 90.792 1.776 0.004 0.003 90.292 168.173
1 226 2 1 31 156431 91.948 1.795 0.005 0.003 91.448 174.102
1 227 2 1 32 156431 90.932 1.952 0.005 0.003 90.432 126.450
1 228 2 1 33 156431 90.437 1.707 0.004 0.003 89.937 189.023
1 229 2 1 34 156431 89.903 1.638 0.004 0.003 89.403 178.340
1 230 2 1 35 156431 91.488 1.645 0.004 0.003 90.988 242.631
1 231 2 1 36 156431 90.234 1.679 0.004 0.003 89.734 333.579
1 232 2 1 37 0 0.000 0.514 25.244 27.874 0.000 -0.000
1 233 2 1 38 0 0.000 0.514 25.244 27.874 0.000 -0.000
