0 0 0 0 0 119881 83.973 2.893 0.000 0.000 83.161 1306.056
0 1 0 0 1 119881 83.368 2.264 0.007 0.005 82.869 214.144
0 2 0 0 2 119881 80.782 3.521 0.000 0.000 79.984 1529.892
0 3 0 0 3 119881 78.804 3.496 0.010 0.000 78.231 2139.182
0 4 0 0 4 119881 83.648 1.844 0.005 0.004 83.148 193.753
0 5 0 0 5 119881 78.612 3.088 0.009 0.000 77.591 1413.399
0 6 0 0 6 119881 178.892 2.392 0.007 0.005 178.398 189.556
0 7 0 0 7 119881 79.679 3.498 0.010 0.019 79.181 5616.073
0 8 0 0 8 0 0.000 0.514 25.244 27.874 0.000 -0.000
0 9 0 0 9 119881 47.853 4.246 0.012 0.000 47.436 15579.454
0 10 0 0 10 119881 71.751 3.161 0.082 65.370 71.256 427.159
0 11 0 0 11 119881 138.133 2.007 0.006 0.004 137.635 254.851
0 12 0 0 12 119881 76.622 2.516 0.007 0.005 76.122 171.110
0 13 0 0 13 119881 79.154 3.486 0.010 0.000 78.285 1893.994
0 14 0 0 14 119881 76.530 3.112 0.009 0.000 76.018 492.365
0 15 0 0 15 119881 84.224 3.173 0.009 0.010 83.644 1119.090
0 16 0 0 16 119881 79.755 3.418 0.010 0.000 78.884 1727.620
0 17 0 0 17 0 0.000 0.514 25.244 27.874 0.000 -0.000
0 18 0 0 18 0 0.000 0.514 25.244 27.874 0.000 -0.000
0 19 0 0 19 0 0.000 0.514 25.244 27.874 0.000 -0.000
0 20 0 0 20 119881 176.540 1.869 0.005 0.004 176.042 465.276
0 21 0 0 21 119881 86.920 2.846 0.008 0.003 86.072 1265.545
0 22 0 0 22 119881 68.484 1.791 0.005 0.004 67.984 384.637
0 23 0 0 23 119881 83.156 2.208 0.006 0.005 82.657 270.495
0 24 0 0 24 119881 85.069 2.014 0.006 0.004 84.570 297.593
0 25 0 0 25 119881 85.149 1.515 0.004 0.003 84.649 420.573
0 26 0 0 26 119881 80.430 2.684 0.008 0.005 79.930 346.472
0 27 0 0 27 119881 80.333 2.627 0.009 0.013 79.416 761.846
0 28 0 0 28 0 0.000 0.514 25.244 27.874 0.000 -0.000
0 29 0 0 29 119881 100.480 2.673 0.008 0.000 99.519 740.952
0 30 0 0 30 119881 86.037 3.388 0.010 0.000 85.146 878.193
0 31 0 0 31 119881 91.462 2.388 0.007 0.000 90.787 431.133
0 32 0 0 32 119881 106.327 2.300 0.007 0.005 105.834 254.936
0 33 0 0 33 119881 81.753 3.034 0.006 6.344 81.145 1258.511
0 34 0 0 34 119881 85.649 3.161 0.000 0.009 84.764 1179.377
0 35 0 0 35 119881 85.639 2.100 0.006 0.004 85.141 198.517
0 36 0 0 36 119881 91.256 2.756 0.008 0.008 90.447 1376.328
0 37 0 0 37 0 0.000 0.514 25.244 27.874 0.000 -0.000
0 38 0 0 38 0 0.000 0.514 25.244 27.874 0.000 -0.000
0 39 0 1 0 119881 90.466 3.296 0.010 0.010 89.834 2556.352
0 40 0 1 1 119881 89.142 3.397 0.010 0.010 88.622 2323.851
0 41 0 1 2 119881 83.754 3.522 0.012 0.026 82.825 1622.237
0 42 0 1 3 119881 191.644 2.144 0.006 0.004 191.233 451.027
0 43 0 1 4 119881 88.889 2.739 0.008 0.000 88.127 659.206
0 44 0 1 5 119881 86.295 3.404 0.000 0.010 85.825 1841.687
0 45 0 1 6 119881 88.413 3.276 0.007 12.375 87.606 875.423
0 46 0 1 7 119881 89.332 3.039 0.000 53.572 88.853 612.222
0 47 0 1 8 0 0.000 0.514 25.244 27.874 0.000 -0.000
0 48 0 1 9 119881 84.762 3.472 0.002 67.229 84.081 1051.460
0 49 0 1 10 119881 80.808 3.546 0.000 0.000 80.057 914.228
0 50 0 1 11 119881 86.130 3.330 0.010 0.000 85.432 983.175
0 51 0 1 12 119881 86.026 3.411 0.000 0.007 85.436 514.331
0 52 0 1 13 119881 86.714 3.424 0.010 0.000 85.841 1945.617
0 53 0 1 14 119881 83.291 3.508 0.010 0.008 82.661 469.309
0 54 0 1 15 119881 85.174 3.486 0.010 0.010 84.735 1353.613
0 55 0 1 16 119881 88.483 3.038 0.127 0.036 87.654 759.611
0 56 0 1 17 0 0.000 0.514 25.244 27.874 0.000 -0.000
0 57 0 1 18 0 0.000 0.514 25.244 27.874 0.000 -0.000
0 58 0 1 19 0 0.000 0.514 25.244 27.874 0.000 -0.000
0 59 0 1 20 119881 88.685 2.955 0.009 0.000 87.776 1686.807
0 60 0 1 21 119881 85.474 3.352 0.010 0.000 84.505 2337.688
0 61 0 1 22 119881 86.825 3.209 0.009 0.000 86.326 1169.894
0 62 0 1 23 119881 87.859 2.900 0.008 0.000 86.978 1729.910
0 63 0 1 24 119881 88.857 3.000 0.009 0.000 88.016 1104.593
0 64 0 1 25 119881 90.173 3.303 0.010 0.000 89.276 3112.694
0 65 0 1 26 119881 91.626 2.798 0.008 0.000 90.829 1053.473
0 66 0 1 27 119881 90.076 2.270 0.007 0.001 89.574 445.767
0 67 0 1 28 0 0.000 0.514 25.244 27.874 0.000 -0.000
0 68 0 1 29 119881 90.554 2.157 0.006 0.004 90.054 299.577
0 69 0 1 30 119881 92.242 2.603 0.008 0.005 91.743 531.512
0 70 0 1 31 119881 84.903 2.870 0.008 0.008 84.073 1090.550
0 71 0 1 32 119881 93.850 2.638 0.008 0.002 93.201 393.269
0 72 0 1 33 119881 86.910 2.278 0.007 0.005 86.410 389.595
0 73 0 1 34 119881 88.529 3.034 0.000 0.010 87.583 1729.825
0 74 0 1 35 119881 95.490 3.090 0.009 0.013 94.701 3171.280
0 75 0 1 36 119881 95.178 1.993 0.006 0.004 94.678 417.689
0 76 0 1 37 0 0.000 0.514 25.244 27.874 0.000 -0.000
0 77 0 1 38 0 0.000 0.514 25.244 27.874 0.000 -0.000
0 78 1 0 0 119881 90.890 2.818 0.009 0.009 89.914 1687.828
0 79 1 0 1 119881 87.779 3.391 0.010 0.000 87.115 3647.313
0 80 1 0 2 119881 87.135 3.226 0.000 0.010 86.232 1355.833
0 81 1 0 3 119881 88.118 2.918 0.008 0.002 87.221 2100.410
0 82 1 0 4 119881 82.625 2.671 0.008 0.004 81.776 647.836
0 83 1 0 5 119881 83.054 3.363 0.010 0.000 82.063 3329.370
0 84 1 0 6 119881 90.996 3.001 0.005 11.351 90.026 20110.637
0 85 1 0 7 119881 85.602 2.773 0.000 0.009 84.709 3191.317
0 86 1 0 8 0 0.000 0.514 25.244 27.874 0.000 -0.000
0 87 1 0 9 119881 172.373 1.744 0.005 0.004 171.874 265.655
0 88 1 0 10 119881 83.968 2.634 0.000 0.000 83.020 609.534
0 89 1 0 11 119881 83.011 2.323 0.086 0.009 82.023 1785.797
0 90 1 0 12 119881 85.918 2.234 0.006 0.005 85.418 229.697
0 91 1 0 13 119881 86.709 2.796 0.000 0.008 85.742 1213.641
0 92 1 0 14 119881 85.259 2.911 0.000 0.006 84.352 702.240
0 93 1 0 15 119881 86.804 3.235 0.000 0.011 86.212 1913.581
0 94 1 0 16 119881 84.324 3.383 0.007 15.954 83.293 1208.175
0 95 1 0 17 0 0.000 0.514 25.244 27.874 0.000 -0.000
0 96 1 0 18 0 0.000 0.514 25.244 27.874 0.000 -0.000
0 97 1 0 19 0 0.000 0.514 25.244 27.874 0.000 -0.000
0 98 1 0 20 119881 69.826 2.493 0.007 0.005 69.236 289.004
0 99 1 0 21 119881 86.636 3.291 0.000 0.000 85.970 2270.977
0 100 1 0 22 119881 88.543 2.018 0.006 0.004 88.043 336.344
0 101 1 0 23 119881 83.575 2.541 0.007 0.006 83.079 497.091
0 102 1 0 24 119881 86.880 3.346 0.010 0.000 85.871 6809.519
0 103 1 0 25 119881 87.364 1.562 0.005 0.003 86.864 274.930
0 104 1 0 26 119881 85.063 3.074 0.009 0.008 84.547 754.624
0 105 1 0 27 119881 83.213 2.549 0.000 0.005 82.449 535.162
0 106 1 0 28 0 0.000 0.514 25.244 27.874 0.000 -0.000
0 107 1 0 29 119881 89.932 2.148 0.006 0.004 89.433 166.114
0 108 1 0 30 119881 94.982 3.178 0.009 0.000 94.115 1369.632
0 109 1 0 31 119881 91.088 3.230 0.005 94.299 90.419 3132.472
0 110 1 0 32 119881 91.701 3.212 0.000 0.000 90.805 2796.176
0 111 1 0 33 119881 84.936 2.608 0.000 0.007 84.105 860.402
0 112 1 0 34 119881 84.681 2.511 0.007 0.006 84.056 468.690
0 113 1 0 35 119881 89.000 2.237 0.006 0.005 88.500 237.855
0 114 1 0 36 119881 90.569 2.800 0.008 0.000 89.788 742.625
0 115 1 0 37 0 0.000 0.514 25.244 27.874 0.000 -0.000
0 116 1 0 38 0 0.000 0.514 25.244 27.874 0.000 -0.000
0 117 1 1 0 119881 85.653 3.478 0.009 62.333 84.850 2962.865
0 118 1 1 1 119881 88.109 3.409 0.010 0.010 87.535 2034.517
0 119 1 1 2 119881 83.521 3.505 0.010 0.010 82.951 1933.929
0 120 1 1 3 119881 80.995 3.515 0.010 0.000 80.110 2552.668
0 121 1 1 4 119881 83.396 3.350 0.010 0.008 82.491 1735.871
0 122 1 1 5 119881 88.022 1.070 0.003 0.002 87.522 435.489
0 123 1 1 6 119881 81.387 3.583 0.007 80.346 80.551 1618.190
0 124 1 1 7 119881 83.238 3.355 0.010 0.000 82.409 1439.010
0 125 1 1 8 0 0.000 0.514 25.244 27.874 0.000 -0.000
0 126 1 1 9 119881 76.955 3.594 0.011 0.011 76.123 2732.023
0 127 1 1 10 119881 79.846 3.519 0.000 0.000 78.983 1265.715
0 128 1 1 11 119881 82.756 3.473 0.008 60.072 81.979 2149.897
0 129 1 1 12 119881 83.062 3.544 0.010 0.000 82.349 927.719
0 130 1 1 13 119881 84.952 3.414 0.010 0.000 84.358 2503.357
0 131 1 1 14 119881 81.586 3.582 0.006 77.488 81.009 879.130
0 132 1 1 15 119881 0.000 0.514 25.244 27.874 512.000 -0.000
0 133 1 1 16 119881 190.168 2.400 0.007 0.005 189.727 177.092
0 134 1 1 17 0 0.000 0.514 25.244 27.874 0.000 -0.000
0 135 1 1 18 0 0.000 0.514 25.244 27.874 0.000 -0.000
0 136 1 1 19 0 0.000 0.514 25.244 27.874 0.000 -0.000
0 137 1 1 20 119881 83.138 3.226 0.009 0.000 82.270 1490.102
0 138 1 1 21 119881 82.348 3.195 0.000 0.000 81.541 1214.256
0 139 1 1 22 119881 77.720 3.029 0.009 0.000 77.217 417.567
0 140 1 1 23 119881 81.966 3.231 0.010 0.010 81.094 1199.611
0 141 1 1 24 119881 78.090 3.332 0.010 0.009 77.494 901.917
0 142 1 1 25 119881 81.406 3.171 0.009 0.000 80.455 2740.824
0 143 1 1 26 119881 83.023 3.205 0.003 91.415 82.129 1440.211
0 144 1 1 27 119881 84.230 3.068 0.000 0.000 83.279 1408.483
0 145 1 1 28 0 0.000 0.514 25.244 27.874 0.000 -0.000
0 146 1 1 29 119881 82.972 2.297 0.007 0.000 82.477 350.681
0 147 1 1 30 119881 85.126 3.045 0.000 0.008 84.630 547.078
0 148 1 1 31 119881 79.484 2.318 0.007 0.005 78.984 361.305
0 149 1 1 32 119881 81.243 2.471 0.007 0.005 80.743 171.577
0 150 1 1 33 119881 82.324 2.443 0.007 0.005 81.787 328.366
0 151 1 1 34 119881 82.238 3.095 0.009 0.000 81.258 1870.536
0 152 1 1 35 119881 85.669 3.472 0.000 0.015 84.746 4807.996
0 153 1 1 36 119881 85.246 2.169 0.006 0.004 84.746 236.937
0 154 1 1 37 0 0.000 0.514 25.244 27.874 0.000 -0.000
0 155 1 1 38 0 0.000 0.514 25.244 27.874 0.000 -0.000
0 156 2 0 0 119881 83.510 2.257 0.007 0.005 82.889 353.542
0 157 2 0 1 119881 80.788 2.011 0.006 0.004 80.288 227.785
0 158 2 0 2 119881 76.495 3.035 0.000 0.000 75.545 1501.492
0 159 2 0 3 119881 79.068 2.610 0.008 0.000 78.223 746.337
0 160 2 0 4 119881 82.508 1.763 0.000 0.004 82.019 203.208
0 161 2 0 5 119881 75.150 2.633 0.103 0.511 74.196 456.164
0 162 2 0 6 119881 73.000 2.889 0.008 0.006 72.502 126.945
0 163 2 0 7 119881 80.446 2.129 0.002 55.802 79.947 262.891
0 164 2 0 8 0 0.000 0.514 25.244 27.874 0.000 -0.000
0 165 2 0 9 119881 81.438 2.392 0.004 4.302 80.783 1013.013
0 166 2 0 10 119881 72.360 2.826 0.008 0.006 71.860 157.262
0 167 2 0 11 119881 85.500 0.122 0.002 85.355 85.000 -60.894
0 168 2 0 12 119881 79.371 2.757 0.008 0.004 78.586 399.259
0 169 2 0 13 119881 86.072 0.901 0.003 0.002 85.572 540.355
0 170 2 0 14 119881 74.508 3.767 0.011 0.000 73.506 2147.857
0 171 2 0 15 119881 87.475 1.008 0.003 0.002 86.975 386.442
0 172 2 0 16 119881 78.679 3.342 0.010 0.000 77.723 1713.325
0 173 2 0 17 0 0.000 0.514 25.244 27.874 0.000 -0.000
0 174 2 0 18 0 0.000 0.514 25.244 27.874 0.000 -0.000
0 175 2 0 19 0 0.000 0.514 25.244 27.874 0.000 -0.000
0 176 2 0 20 119881 80.500 0.122 0.002 85.134 80.000 -85.509
0 177 2 0 21 119881 79.638 2.987 0.009 0.000 78.647 4996.055
0 178 2 0 22 119881 69.495 0.039 0.000 3.058 69.000 -83222.725
0 179 2 0 23 119881 74.801 3.523 0.010 0.014 74.080 2676.035
0 180 2 0 24 119881 78.164 2.069 0.006 0.004 77.664 355.293
0 181 2 0 25 119881 82.705 1.605 0.005 0.003 82.205 376.639
0 182 2 0 26 119881 71.750 3.323 0.010 0.007 71.095 284.579
0 183 2 0 27 119881 75.188 2.318 0.007 0.005 74.691 251.515
0 184 2 0 28 0 0.000 0.514 25.244 27.874 0.000 -0.000
0 185 2 0 29 119881 80.909 2.128 0.006 0.004 80.409 219.843
0 186 2 0 30 119881 79.215 3.336 0.010 0.010 78.393 1158.117
0 187 2 0 31 119881 86.407 2.155 0.006 0.000 85.905 301.578
0 188 2 0 32 119881 83.819 3.286 0.000 0.012 82.991 2660.606
0 189 2 0 33 119881 69.863 0.914 0.003 0.002 69.363 623.144
0 190 2 0 34 119881 80.076 2.212 0.006 0.005 79.577 170.887
0 191 2 0 35 119881 187.109 1.919 0.006 0.004 186.612 305.413
0 192 2 0 36 119881 84.839 2.835 0.008 0.009 84.249 1250.543
0 193 2 0 37 0 0.000 0.514 25.244 27.874 0.000 -0.000
0 194 2 0 38 0 0.000 0.514 25.244 27.874 0.000 -0.000
0 195 2 1 0 119881 86.261 3.464 0.010 0.000 85.249 2316.961
0 196 2 1 1 119881 89.357 3.329 0.010 0.000 88.395 2012.275
0 197 2 1 2 119881 81.783 3.340 0.010 0.009 81.000 906.698
0 198 2 1 3 119881 86.360 3.195 0.009 0.000 85.510 924.341
0 199 2 1 4 119881 83.825 3.263 0.009 0.002 82.997 513.950
0 200 2 1 5 119881 86.763 3.340 0.000 0.000 86.055 1214.732
0 201 2 1 6 119881 82.172 3.569 0.010 60.828 81.361 813.291
0 202 2 1 7 119881 88.273 3.356 0.010 0.000 87.755 492.009
0 203 2 1 8 0 0.000 0.514 25.244 27.874 0.000 -0.000
0 204 2 1 9 119881 78.470 3.659 0.000 0.000 77.981 1231.199
0 205 2 1 10 119881 84.401 3.506 0.010 0.000 83.981 323.726
0 206 2 1 11 119881 81.229 3.280 0.009 0.002 80.542 765.188
0 207 2 1 12 119881 79.220 3.639 0.010 0.008 78.813 251.065
0 208 2 1 13 119881 82.600 3.530 0.010 0.000 81.639 1391.738
0 209 2 1 14 119881 191.935 3.133 0.009 0.006 191.534 177.045
0 210 2 1 15 119881 82.456 3.508 0.010 0.005 81.680 924.586
0 211 2 1 16 119881 79.722 3.496 0.000 0.000 79.187 278.866
0 212 2 1 17 0 0.000 0.514 25.244 27.874 0.000 -0.000
0 213 2 1 18 0 0.000 0.514 25.244 27.874 0.000 -0.000
0 214 2 1 19 0 0.000 0.514 25.244 27.874 0.000 -0.000
0 215 2 1 20 119881 82.404 3.557 0.000 0.012 81.508 2156.360
0 216 2 1 21 119881 81.893 3.544 0.011 0.012 81.054 2184.014
0 217 2 1 22 119881 77.756 2.613 0.008 0.000 77.257 258.396
0 218 2 1 23 119881 81.390 3.167 0.009 0.000 80.897 1612.775
0 219 2 1 24 119881 82.140 3.308 0.011 0.006 81.359 1271.436
0 220 2 1 25 119881 81.919 3.491 0.010 0.000 80.965 3116.027
0 221 2 1 26 119881 78.876 3.524 0.010 0.000 77.892 1327.473
0 222 2 1 27 119881 85.885 2.379 0.014 0.005 85.386 223.583
0 223 2 1 28 0 0.000 0.514 25.244 27.874 0.000 -0.000
0 224 2 1 29 119881 81.655 2.222 0.006 0.005 81.158 191.297
0 225 2 1 30 119881 82.397 3.432 0.007 16.076 81.895 400.066
0 226 2 1 31 119881 84.283 2.963 0.009 0.008 83.424 523.603
0 227 2 1 32 119881 85.114 2.725 0.008 0.006 84.614 88.228
0 228 2 1 33 119881 89.042 2.432 0.007 0.005 88.547 153.864
0 229 2 1 34 119881 91.963 3.049 0.009 0.009 91.106 1350.945
0 230 2 1 35 119881 95.002 0.763 0.002 0.002 94.502 5458.596
0 231 2 1 36 119881 97.448 2.248 0.006 0.005 96.948 264.488
0 232 2 1 37 0 0.000 0.514 25.244 27.874 0.000 -0.000
0 233 2 1 38 0 0.000 0.514 25.244 27.874 0.000 -0.000
1 0 0 0 0 119881 94.371 2.574 0.006 62.111 93.616 1846.234
1 1 0 0 1 119881 94.937 0.833 0.002 0.002 94.437 639.463
1 2 0 0 2 119881 94.809 3.156 0.009 0.000 94.207 4137.686
1 3 0 0 3 119881 93.962 2.374 0.007 0.000 93.258 1707.139
1 4 0 0 4 119881 94.039 1.464 0.000 0.003 93.539 565.237
1 5 0 0 5 119881 96.490 1.910 0.006 0.004 95.990 301.068
1 6 0 0 6 119881 93.612 2.492 0.007 0.000 92.818 1669.080
1 7 0 0 7 119881 93.893 1.585 0.005 0.003 93.393 404.038
1 8 0 0 8 0 0.000 0.514 25.244 27.874 0.000 -0.000
1 9 0 0 9 119881 61.033 3.151 0.012 0.029 60.106 19114.322
1 10 0 0 10 119881 94.178 1.880 0.005 0.004 93.678 490.595
1 11 0 0 11 119881 94.581 2.696 0.010 0.016 93.611 9347.845
1 12 0 0 12 119881 95.828 3.184 0.009 0.000 94.902 9078.306
1 13 0 0 13 119881 93.836 2.826 0.008 0.022 93.338 3337.442
1 14 0 0 14 119881 93.987 2.998 0.008 91.573 93.345 4020.973
1 15 0 0 15 119881 94.020 3.203 0.000 0.000 93.081 6597.909
1 16 0 0 16 119881 94.604 2.695 0.008 0.009 93.809 2716.151
1 17 0 0 17 0 0.000 0.514 25.244 27.874 0.000 -0.000
1 18 0 0 18 0 0.000 0.514 25.244 27.874 0.000 -0.000
1 19 0 0 19 0 0.000 0.514 25.244 27.874 0.000 -0.000
1 20 0 0 20 119881 95.022 2.139 0.006 0.000 94.192 3351.441
1 21 0 0 21 119881 94.310 2.469 0.007 0.000 93.804 2230.388
1 22 0 0 22 119881 94.278 1.509 0.004 0.000 93.758 771.613
1 23 0 0 23 119881 97.510 2.285 0.007 0.000 96.532 1766.151
1 24 0 0 24 119881 95.791 3.157 0.015 0.041 94.813 14444.361
1 25 0 0 25 119881 94.789 1.550 0.004 0.001 94.074 3117.715
1 26 0 0 26 119881 94.770 1.859 0.005 0.004 94.270 905.763
1 27 0 0 27 119881 92.732 2.666 0.008 0.000 92.234 2293.729
1 28 0 0 28 0 0.000 0.514 25.244 27.874 0.000 -0.000
1 29 0 0 29 119881 203.084 2.083 0.006 0.004 202.591 385.861
1 30 0 0 30 119881 94.262 3.197 0.000 0.014 93.329 5276.880
1 31 0 0 31 119881 93.946 3.238 0.012 54.712 92.998 7975.864
1 32 0 0 32 119881 93.919 3.186 0.009 0.000 93.413 1483.168
1 33 0 0 33 119881 93.195 2.278 0.007 0.006 92.656 1118.883
1 34 0 0 34 119881 94.102 2.112 0.003 62.193 93.322 806.757
1 35 0 0 35 119881 94.993 3.049 0.010 0.014 94.097 4979.691
1 36 0 0 36 119881 93.177 2.576 0.000 0.008 92.355 2527.945
1 37 0 0 37 0 0.000 0.514 25.244 27.874 0.000 -0.000
1 38 0 0 38 0 0.000 0.514 25.244 27.874 0.000 -0.000
1 39 0 1 0 119881 86.816 3.287 0.000 0.000 85.948 3731.433
1 40 0 1 1 119881 85.478 3.425 0.004 0.035 84.726 3158.048
1 41 0 1 2 119881 90.039 3.333 0.000 0.013 89.094 2719.768
1 42 0 1 3 119881 85.806 3.472 0.008 61.929 84.991 3618.183
1 43 0 1 4 119881 86.906 3.396 0.010 0.015 85.943 3568.799
1 44 0 1 5 119881 88.560 3.402 0.010 0.010 87.799 3279.401
1 45 0 1 6 119881 88.735 3.292 0.008 58.021 87.880 3365.461
1 46 0 1 7 119881 87.355 3.276 0.009 0.000 86.474 2939.163
1 47 0 1 8 0 0.000 0.514 25.244 27.874 0.000 -0.000
1 48 0 1 9 119881 85.888 3.259 0.000 0.000 85.079 2884.240
1 49 0 1 10 119881 87.960 2.945 0.009 0.000 87.047 2895.596
1 50 0 1 11 119881 87.180 3.329 0.000 0.013 86.333 4688.125
1 51 0 1 12 119881 86.480 3.455 0.010 0.000 85.617 4114.542
1 52 0 1 13 119881 87.438 3.400 0.000 0.000 86.676 3568.899
1 53 0 1 14 119881 87.027 3.411 0.010 0.000 86.403 3382.493
1 54 0 1 15 119881 89.765 3.367 0.011 96.436 89.413 3967.436
1 55 0 1 16 119881 89.658 3.213 0.009 0.000 88.937 3203.536
1 56 0 1 17 0 0.000 0.514 25.244 27.874 0.000 -0.000
1 57 0 1 18 0 0.000 0.514 25.244 27.874 0.000 -0.000
1 58 0 1 19 0 0.000 0.514 25.244 27.874 0.000 -0.000
1 59 0 1 20 119881 84.681 2.955 0.009 0.001 84.133 5004.643
1 60 0 1 21 119881 87.174 3.226 0.009 0.000 86.683 3970.418
1 61 0 1 22 119881 88.542 2.878 0.008 0.000 87.643 2252.711
1 62 0 1 23 119881 87.815 2.949 0.009 0.000 86.875 2961.511
1 63 0 1 24 119881 86.859 3.234 0.009 0.000 85.997 4698.387
1 64 0 1 25 119881 83.718 2.511 0.007 0.000 82.943 1614.218
1 65 0 1 26 119881 88.041 3.358 0.010 0.000 87.100 4698.792
1 66 0 1 27 119881 87.471 3.010 0.009 0.000 86.624 2839.421
1 67 0 1 28 0 0.000 0.514 25.244 27.874 0.000 -0.000
1 68 0 1 29 119881 86.592 2.046 0.000 0.000 86.032 190.171
1 69 0 1 30 119881 90.399 3.277 0.148 0.036 89.398 3372.412
1 70 0 1 31 119881 88.697 2.433 0.007 0.006 88.012 340.878
1 71 0 1 32 119881 86.674 2.180 0.006 0.004 86.175 125.471
1 72 0 1 33 119881 89.627 1.973 0.006 0.004 89.127 79.551
1 73 0 1 34 119881 87.258 2.343 0.006 61.118 86.537 609.839
1 74 0 1 35 119881 82.304 2.602 0.008 0.000 81.437 1563.102
1 75 0 1 36 119881 198.292 1.964 0.006 0.004 197.795 81.401
1 76 0 1 37 0 0.000 0.514 25.244 27.874 0.000 -0.000
1 77 0 1 38 0 0.000 0.514 25.244 27.874 0.000 -0.000
1 78 1 0 0 119881 92.491 2.727 0.008 0.000 91.583 2419.369
1 79 1 0 1 119881 94.532 1.871 0.005 0.004 94.034 634.572
1 80 1 0 2 119881 95.837 2.896 0.009 0.011 94.902 3161.693
1 81 1 0 3 119881 96.516 3.090 0.007 56.651 95.614 5871.937
1 82 1 0 4 119881 93.880 1.888 0.005 0.004 93.380 353.025
1 83 1 0 5 119881 208.240 1.898 0.005 0.004 207.741 104.335
1 84 1 0 6 119881 95.653 1.449 0.004 0.003 95.153 530.155
1 85 1 0 7 119881 94.859 1.592 0.005 0.003 94.359 496.824
1 86 1 0 8 0 0.000 0.514 25.244 27.874 0.000 -0.000
1 87 1 0 9 119881 96.452 1.688 0.001 78.163 95.670 838.975
1 88 1 0 10 119881 95.986 2.970 0.000 0.011 94.998 3906.788
1 89 1 0 11 119881 93.764 1.799 0.005 0.004 93.264 573.907
1 90 1 0 12 119881 94.695 2.718 0.000 0.000 93.826 4887.407
1 91 1 0 13 119881 95.321 3.014 0.000 0.013 94.402 4545.263
1 92 1 0 14 119881 94.579 3.219 0.006 72.746 94.018 5050.411
1 93 1 0 15 119881 97.744 3.158 0.000 0.000 96.844 837.346
1 94 1 0 16 119881 95.483 1.855 0.005 0.004 94.984 591.707
1 95 1 0 17 0 0.000 0.514 25.244 27.874 0.000 -0.000
1 96 1 0 18 0 0.000 0.514 25.244 27.874 0.000 -0.000
1 97 1 0 19 0 0.000 0.514 25.244 27.874 0.000 -0.000
1 98 1 0 20 119881 73.126 3.756 0.010 19.865 72.125 26184.196
1 99 1 0 21 119881 196.110 1.952 0.006 0.004 195.613 187.589
1 100 1 0 22 119881 88.915 1.891 0.005 0.004 88.415 230.699
1 101 1 0 23 119881 97.735 2.565 0.007 0.000 96.905 1422.626
1 102 1 0 24 119881 95.023 1.583 0.005 0.003 94.524 472.672
1 103 1 0 25 119881 94.894 1.372 0.004 0.003 94.394 847.118
1 104 1 0 26 119881 94.764 2.033 0.006 0.004 94.264 1005.880
1 105 1 0 27 119881 95.139 2.121 0.006 0.004 94.639 333.358
1 106 1 0 28 0 0.000 0.514 25.244 27.874 0.000 -0.000
1 107 1 0 29 119881 96.644 2.332 0.002 64.113 95.905 1079.933
1 108 1 0 30 119881 97.060 2.631 0.000 0.000 96.474 939.397
1 109 1 0 31 119881 93.489 2.957 0.000 0.000 92.499 5284.764
1 110 1 0 32 119881 98.207 2.186 0.000 0.005 97.694 569.003
1 111 1 0 33 119881 96.889 1.868 0.005 0.004 96.389 459.159
1 112 1 0 34 119881 101.537 1.242 0.004 0.003 101.037 200.582
1 113 1 0 35 119881 92.354 2.416 0.007 0.000 91.786 625.078
1 114 1 0 36 119881 99.391 2.671 0.008 0.005 98.893 131.249
1 115 1 0 37 0 0.000 0.514 25.244 27.874 0.000 -0.000
1 116 1 0 38 0 0.000 0.514 25.244 27.874 0.000 -0.000
1 117 1 1 0 119881 94.675 3.187 0.009 0.000 93.778 5810.866
1 118 1 1 1 119881 93.420 3.223 0.009 0.000 92.575 4615.101
1 119 1 1 2 119881 93.283 3.170 0.009 0.000 92.340 4893.844
1 120 1 1 3 119881 92.420 3.037 0.009 0.000 91.631 3182.157
1 121 1 1 4 119881 93.431 2.518 0.007 0.007 92.758 1689.866
1 122 1 1 5 119881 92.972 3.237 0.009 0.000 92.441 4453.659
1 123 1 1 6 119881 92.915 3.184 0.009 0.000 91.960 5417.299
1 124 1 1 7 119881 93.227 3.199 0.009 0.000 92.310 5096.389
1 125 1 1 8 0 0.000 0.514 25.244 27.874 0.000 -0.000
1 126 1 1 9 119881 93.271 3.279 0.008 54.889 92.489 5052.898
1 127 1 1 10 119881 192.916 1.878 0.000 0.000 192.581 311.729
1 128 1 1 11 119881 94.626 3.109 0.000 0.000 94.079 3043.840
1 129 1 1 12 119881 94.751 3.216 0.009 0.000 94.003 3452.780
1 130 1 1 13 119881 94.339 3.120 0.009 0.011 93.626 3736.410
1 131 1 1 14 119881 93.341 3.247 0.009 0.000 92.524 3528.108
1 132 1 1 15 119881 95.366 3.196 0.009 0.000 94.555 4015.617
1 133 1 1 16 119881 93.745 3.080 0.009 0.000 93.239 2442.541
1 134 1 1 17 0 0.000 0.514 25.244 27.874 0.000 -0.000
1 135 1 1 18 0 0.000 0.514 25.244 27.874 0.000 -0.000
1 136 1 1 19 0 0.000 0.514 25.244 27.874 0.000 -0.000
1 137 1 1 20 119881 93.206 3.228 0.009 0.006 92.258 10592.639
1 138 1 1 21 119881 93.288 3.124 0.009 0.000 92.315 4537.982
1 139 1 1 22 119881 94.103 2.192 0.005 14.471 93.205 947.859
1 140 1 1 23 119881 93.197 2.965 0.009 0.011 92.430 2881.179
1 141 1 1 24 119881 94.637 3.005 0.009 0.000 94.139 3607.453
1 142 1 1 25 119881 93.457 1.998 0.006 0.005 92.958 597.320
1 143 1 1 26 119881 93.732 3.081 0.000 0.000 93.224 3490.353
1 144 1 1 27 119881 91.737 2.458 0.000 0.000 91.026 1535.398
1 145 1 1 28 0 0.000 0.514 25.244 27.874 0.000 -0.000
1 146 1 1 29 119881 93.959 1.892 0.005 0.004 93.459 569.450
1 147 1 1 30 119881 0.000 0.514 25.244 27.874 1.000 -0.000
1 148 1 1 31 119881 96.875 2.209 0.006 0.005 96.375 201.407
1 149 1 1 32 119881 91.641 2.202 0.006 0.004 91.141 148.408
1 150 1 1 33 119881 92.638 2.331 0.007 0.005 92.138 111.863
1 151 1 1 34 119881 91.045 2.815 0.002 90.361 90.075 2426.776
1 152 1 1 35 119881 99.897 1.028 0.003 0.002 99.397 352.181
1 153 1 1 36 119881 93.716 2.481 0.007 0.005 93.216 211.548
1 154 1 1 37 0 0.000 0.514 25.244 27.874 0.000 -0.000
1 155 1 1 38 0 0.000 0.514 25.244 27.874 0.000 -0.000
1 156 2 0 0 119881 202.358 1.678 0.005 0.003 201.879 177.469
1 157 2 0 1 119881 91.445 3.218 0.000 0.000 90.566 5202.031
1 158 2 0 2 119881 90.485 3.321 0.000 0.015 89.798 7555.481
1 159 2 0 3 119881 92.361 3.272 0.009 0.000 91.863 4114.682
1 160 2 0 4 119881 89.918 1.435 0.004 0.003 89.418 128.764
1 161 2 0 5 119881 92.247 2.834 0.008 0.000 91.293 2447.506
1 162 2 0 6 119881 90.772 2.665 0.008 0.000 90.276 870.979
1 163 2 0 7 119881 92.063 1.769 0.005 0.004 91.563 303.095
1 164 2 0 8 0 0.000 0.514 25.244 27.874 0.000 -0.000
1 165 2 0 9 119881 87.058 1.788 0.005 0.004 86.558 164.876
1 166 2 0 10 119881 92.594 1.826 0.005 0.004 92.094 127.949
1 167 2 0 11 119881 63.740 3.081 0.009 0.000 63.162 3715.189
1 168 2 0 12 119881 92.415 1.740 0.005 0.000 91.551 505.827
1 169 2 0 13 119881 92.376 3.198 0.010 0.015 91.445 7885.470
1 170 2 0 14 119881 91.988 3.207 0.002 76.728 91.051 10991.576
1 171 2 0 15 119881 183.518 0.076 0.000 2.145 183.000 -16838.843
1 172 2 0 16 119881 86.608 3.110 0.009 0.000 85.759 4241.920
1 173 2 0 17 0 0.000 0.514 25.244 27.874 0.000 -0.000
1 174 2 0 18 0 0.000 0.514 25.244 27.874 0.000 -0.000
1 175 2 0 19 0 0.000 0.514 25.244 27.874 0.000 -0.000
1 176 2 0 20 119881 92.860 0.984 0.003 0.002 92.360 2720.777
1 177 2 0 21 119881 94.194 0.988 0.003 0.002 93.694 2675.668
1 178 2 0 22 119881 92.434 2.520 0.007 0.000 91.893 6710.103
1 179 2 0 23 119881 91.476 2.699 0.008 0.000 90.569 2328.082
1 180 2 0 24 119881 91.607 1.698 0.005 0.003 91.107 307.327
1 181 2 0 25 119881 91.880 1.457 0.004 0.003 91.380 276.536
1 182 2 0 26 119881 93.188 1.867 0.005 0.004 92.688 364.029
1 183 2 0 27 119881 91.885 2.639 0.008 0.000 91.021 1710.954
1 184 2 0 28 0 0.000 0.514 25.244 27.874 0.000 -0.000
1 185 2 0 29 119881 93.629 1.864 0.000 0.000 93.135 375.619
1 186 2 0 30 119881 94.008 2.738 0.006 50.427 93.454 3240.631
1 187 2 0 31 119881 91.484 2.259 0.007 0.006 90.951 1296.433
1 188 2 0 32 119881 92.204 2.757 0.000 0.009 91.290 4156.817
1 189 2 0 33 119881 91.030 1.799 0.005 0.004 90.530 118.662
1 190 2 0 34 119881 91.949 2.193 0.006 0.006 91.318 746.272
1 191 2 0 35 119881 92.366 2.836 0.008 0.000 91.388 7395.349
1 192 2 0 36 119881 90.813 1.753 0.005 0.004 90.313 118.598
1 193 2 0 37 0 0.000 0.514 25.244 27.874 0.000 -0.000
1 194 2 0 38 0 0.000 0.514 25.244 27.874 0.000 -0.000
1 195 2 1 0 119881 91.824 3.236 0.009 0.014 91.289 6671.932
1 196 2 1 1 119881 91.446 3.322 0.010 0.000 90.628 8019.091
1 197 2 1 2 119881 92.627 3.266 0.000 0.012 91.770 6665.766
1 198 2 1 3 119881 91.691 3.316 0.010 0.010 91.103 8046.461
1 199 2 1 4 119881 91.321 3.201 0.009 0.000 90.433 7987.648
1 200 2 1 5 119881 92.460 3.275 0.009 0.000 91.624 9985.124
1 201 2 1 6 119881 92.924 3.284 0.000 0.000 92.089 7247.645
1 202 2 1 7 119881 91.092 3.336 0.010 0.005 90.173 9291.166
1 203 2 1 8 0 0.000 0.514 25.244 27.874 0.000 -0.000
1 204 2 1 9 119881 91.336 3.198 0.009 0.000 90.622 7383.931
1 205 2 1 10 119881 93.370 3.225 0.009 20.248 92.429 6113.047
1 206 2 1 11 119881 90.194 3.358 0.007 60.188 89.330 6215.923
1 207 2 1 12 119881 92.227 3.302 0.010 0.010 91.500 4932.949
1 208 2 1 13 119881 92.589 3.143 0.009 0.000 91.672 8031.794
1 209 2 1 14 119881 92.394 3.251 0.007 0.010 91.595 5500.147
1 210 2 1 15 119881 88.234 3.408 0.010 0.000 87.389 9398.852
1 211 2 1 16 119881 92.146 3.304 0.000 0.014 91.247 7468.733
1 212 2 1 17 0 0.000 0.514 25.244 27.874 0.000 -0.000
1 213 2 1 18 0 0.000 0.514 25.244 27.874 0.000 -0.000
1 214 2 1 19 0 0.000 0.514 25.244 27.874 0.000 -0.000
1 215 2 1 20 119881 92.277 3.204 0.015 61.752 91.347 20472.494
1 216 2 1 21 119881 91.865 3.161 0.009 0.000 90.932 11002.380
1 217 2 1 22 119881 91.038 3.025 0.009 0.000 90.031 8100.165
1 218 2 1 23 119881 200.098 1.688 0.005 0.003 199.608 200.390
1 219 2 1 24 119881 91.610 3.142 0.009 0.000 90.685 11520.469
1 220 2 1 25 119881 91.673 2.723 0.005 63.708 90.795 10503.545
1 221 2 1 26 119881 92.285 2.755 30.795 0.001 91.493 6275.528
1 222 2 1 27 119881 90.558 3.007 0.000 0.000 89.581 8236.823
1 223 2 1 28 0 0.000 0.514 25.244 27.874 0.000 -0.000
1 224 2 1 29 119881 91.033 2.453 0.000 3.757 90.490 1454.090
1 225 2 1 30 119881 91.306 2.599 0.008 0.008 90.601 1682.720
1 226 2 1 31 119881 92.585 2.307 0.007 0.000 91.872 937.705
1 227 2 1 32 119881 90.926 2.531 0.007 0.007 90.176 756.022
1 228 2 1 33 119881 90.627 1.791 0.005 0.004 90.129 83.803
1 229 2 1 34 119881 90.664 2.282 0.002 6.870 89.881 1138.628
1 230 2 1 35 119881 91.433 2.053 0.006 0.011 90.711 581.262
1 231 2 1 36 119881 91.116 1.852 0.005 0.000 90.617 161.585
1 232 2 1 37 0 0.000 0.514 25.244 27.874 0.000 -0.000
1 233 2 1 38 0 0.000 0.514 25.244 27.874 0.000 -0.000
