0 0 0 0 0 0 0.000 0.060 16.829 25.626 0.000
0 1 0 0 1 0 0.000 0.060 16.829 25.626 0.000
0 2 0 0 2 0 0.000 0.060 16.829 25.626 0.000
0 3 0 0 3 0 0.000 0.060 16.829 25.626 0.000
0 4 0 0 4 0 0.000 0.060 16.829 25.626 0.000
0 5 0 0 5 0 0.000 0.060 16.829 25.626 0.000
0 6 0 0 6 0 0.000 0.060 16.829 25.626 0.000
0 7 0 0 7 0 0.000 0.060 16.829 25.626 0.000
0 8 0 0 8 0 0.000 0.060 16.829 25.626 0.000
0 9 0 0 9 0 0.000 0.060 16.829 25.626 0.000
0 10 0 0 10 0 0.000 0.060 16.829 25.626 0.000
0 11 0 0 11 0 0.000 0.060 16.829 25.626 0.000
0 12 0 0 12 0 0.000 0.060 16.829 25.626 0.000
0 13 0 0 13 0 0.000 0.060 16.829 25.626 0.000
0 14 0 0 14 0 0.000 0.060 16.829 25.626 0.000
0 15 0 0 15 0 0.000 0.060 16.829 25.626 0.000
0 16 0 0 16 0 0.000 0.060 16.829 25.626 0.000
0 17 0 0 17 0 0.000 0.060 16.829 25.626 0.000
0 18 0 0 18 0 0.000 0.060 16.829 25.626 0.000
0 19 0 0 19 0 0.000 0.060 16.829 25.626 0.000
0 20 0 0 20 0 0.000 0.060 16.829 25.626 0.000
0 21 0 0 21 0 0.000 0.060 16.829 25.626 0.000
0 22 0 0 22 0 0.000 0.060 16.829 25.626 0.000
0 23 0 0 23 0 0.000 0.060 16.829 25.626 0.000
0 24 0 0 24 0 0.000 0.060 16.829 25.626 0.000
0 25 0 0 25 0 0.000 0.060 16.829 25.626 0.000
0 26 0 0 26 0 0.000 0.060 16.829 25.626 0.000
0 27 0 0 27 0 0.000 0.060 16.829 25.626 0.000
0 28 0 0 28 0 0.000 0.060 16.829 25.626 0.000
0 29 0 0 29 0 0.000 0.060 16.829 25.626 0.000
0 30 0 0 30 0 0.000 0.060 16.829 25.626 0.000
0 31 0 0 31 0 0.000 0.060 16.829 25.626 0.000
0 32 0 0 32 0 0.000 0.060 16.829 25.626 0.000
0 33 0 0 33 0 0.000 0.060 16.829 25.626 0.000
0 34 0 0 34 0 0.000 0.060 16.829 25.626 0.000
0 35 0 0 35 0 0.000 0.060 16.829 25.626 0.000
0 36 0 0 36 0 0.000 0.060 16.829 25.626 0.000
0 37 0 0 37 0 0.000 0.060 16.829 25.626 0.000
0 38 0 0 38 0 0.000 0.060 16.829 25.626 0.000
0 39 0 1 0 0 0.000 0.060 16.829 25.626 0.000
0 40 0 1 1 0 0.000 0.060 16.829 25.626 0.000
0 41 0 1 2 0 0.000 0.060 16.829 25.626 0.000
0 42 0 1 3 0 0.000 0.060 16.829 25.626 0.000
0 43 0 1 4 0 0.000 0.060 16.829 25.626 0.000
0 44 0 1 5 0 0.000 0.060 16.829 25.626 0.000
0 45 0 1 6 0 0.000 0.060 16.829 25.626 0.000
0 46 0 1 7 0 0.000 0.060 16.829 25.626 0.000
0 47 0 1 8 0 0.000 0.060 16.829 25.626 0.000
0 48 0 1 9 0 0.000 0.060 16.829 25.626 0.000
0 49 0 1 10 0 0.000 0.060 16.829 25.626 0.000
0 50 0 1 11 0 0.000 0.060 16.829 25.626 0.000
0 51 0 1 12 0 0.000 0.060 16.829 25.626 0.000
0 52 0 1 13 0 0.000 0.060 16.829 25.626 0.000
0 53 0 1 14 0 0.000 0.060 16.829 25.626 0.000
0 54 0 1 15 0 0.000 0.060 16.829 25.626 0.000
0 55 0 1 16 0 0.000 0.060 16.829 25.626 0.000
0 56 0 1 17 0 0.000 0.060 16.829 25.626 0.000
0 57 0 1 18 0 0.000 0.060 16.829 25.626 0.000
0 58 0 1 19 0 0.000 0.060 16.829 25.626 0.000
0 59 0 1 20 0 0.000 0.060 16.829 25.626 0.000
0 60 0 1 21 0 0.000 0.060 16.829 25.626 0.000
0 61 0 1 22 0 0.000 0.060 16.829 25.626 0.000
0 62 0 1 23 0 0.000 0.060 16.829 25.626 0.000
0 63 0 1 24 0 0.000 0.060 16.829 25.626 0.000
0 64 0 1 25 0 0.000 0.060 16.829 25.626 0.000
0 65 0 1 26 0 0.000 0.060 16.829 25.626 0.000
0 66 0 1 27 0 0.000 0.060 16.829 25.626 0.000
0 67 0 1 28 0 0.000 0.060 16.829 25.626 0.000
0 68 0 1 29 0 0.000 0.060 16.829 25.626 0.000
0 69 0 1 30 0 0.000 0.060 16.829 25.626 0.000
0 70 0 1 31 0 0.000 0.060 16.829 25.626 0.000
0 71 0 1 32 0 0.000 0.060 16.829 25.626 0.000
0 72 0 1 33 0 0.000 0.060 16.829 25.626 0.000
0 73 0 1 34 0 0.000 0.060 16.829 25.626 0.000
0 74 0 1 35 0 0.000 0.060 16.829 25.626 0.000
0 75 0 1 36 0 0.000 0.060 16.829 25.626 0.000
0 76 0 1 37 0 0.000 0.060 16.829 25.626 0.000
0 77 0 1 38 0 0.000 0.060 16.829 25.626 0.000
0 78 1 0 0 0 0.000 0.060 16.829 25.626 0.000
0 79 1 0 1 0 0.000 0.060 16.829 25.626 0.000
0 80 1 0 2 0 0.000 0.060 16.829 25.626 0.000
0 81 1 0 3 0 0.000 0.060 16.829 25.626 0.000
0 82 1 0 4 0 0.000 0.060 16.829 25.626 0.000
0 83 1 0 5 0 0.000 0.060 16.829 25.626 0.000
0 84 1 0 6 0 0.000 0.060 16.829 25.626 0.000
0 85 1 0 7 0 0.000 0.060 16.829 25.626 0.000
0 86 1 0 8 0 0.000 0.060 16.829 25.626 0.000
0 87 1 0 9 0 0.000 0.060 16.829 25.626 0.000
0 88 1 0 10 0 0.000 0.060 16.829 25.626 0.000
0 89 1 0 11 0 0.000 0.060 16.829 25.626 0.000
0 90 1 0 12 0 0.000 0.060 16.829 25.626 0.000
0 91 1 0 13 0 0.000 0.060 16.829 25.626 0.000
0 92 1 0 14 0 0.000 0.060 16.829 25.626 0.000
0 93 1 0 15 0 0.000 0.060 16.829 25.626 0.000
0 94 1 0 16 0 0.000 0.060 16.829 25.626 0.000
0 95 1 0 17 0 0.000 0.060 16.829 25.626 0.000
0 96 1 0 18 0 0.000 0.060 16.829 25.626 0.000
0 97 1 0 19 0 0.000 0.060 16.829 25.626 0.000
0 98 1 0 20 0 0.000 0.060 16.829 25.626 0.000
0 99 1 0 21 0 0.000 0.060 16.829 25.626 0.000
0 100 1 0 22 0 0.000 0.060 16.829 25.626 0.000
0 101 1 0 23 0 0.000 0.060 16.829 25.626 0.000
0 102 1 0 24 0 0.000 0.060 16.829 25.626 0.000
0 103 1 0 25 0 0.000 0.060 16.829 25.626 0.000
0 104 1 0 26 0 0.000 0.060 16.829 25.626 0.000
0 105 1 0 27 0 0.000 0.060 16.829 25.626 0.000
0 106 1 0 28 0 0.000 0.060 16.829 25.626 0.000
0 107 1 0 29 0 0.000 0.060 16.829 25.626 0.000
0 108 1 0 30 0 0.000 0.060 16.829 25.626 0.000
0 109 1 0 31 0 0.000 0.060 16.829 25.626 0.000
0 110 1 0 32 0 0.000 0.060 16.829 25.626 0.000
0 111 1 0 33 0 0.000 0.060 16.829 25.626 0.000
0 112 1 0 34 0 0.000 0.060 16.829 25.626 0.000
0 113 1 0 35 0 0.000 0.060 16.829 25.626 0.000
0 114 1 0 36 0 0.000 0.060 16.829 25.626 0.000
0 115 1 0 37 0 0.000 0.060 16.829 25.626 0.000
0 116 1 0 38 0 0.000 0.060 16.829 25.626 0.000
0 117 1 1 0 0 0.000 0.060 16.829 25.626 0.000
0 118 1 1 1 0 0.000 0.060 16.829 25.626 0.000
0 119 1 1 2 0 0.000 0.060 16.829 25.626 0.000
0 120 1 1 3 0 0.000 0.060 16.829 25.626 0.000
0 121 1 1 4 0 0.000 0.060 16.829 25.626 0.000
0 122 1 1 5 0 0.000 0.060 16.829 25.626 0.000
0 123 1 1 6 0 0.000 0.060 16.829 25.626 0.000
0 124 1 1 7 0 0.000 0.060 16.829 25.626 0.000
0 125 1 1 8 0 0.000 0.060 16.829 25.626 0.000
0 126 1 1 9 0 0.000 0.060 16.829 25.626 0.000
0 127 1 1 10 0 0.000 0.060 16.829 25.626 0.000
0 128 1 1 11 0 0.000 0.060 16.829 25.626 0.000
0 129 1 1 12 0 0.000 0.060 16.829 25.626 0.000
0 130 1 1 13 0 0.000 0.060 16.829 25.626 0.000
0 131 1 1 14 0 0.000 0.060 16.829 25.626 0.000
0 132 1 1 15 0 0.000 0.060 16.829 25.626 0.000
0 133 1 1 16 0 0.000 0.060 16.829 25.626 0.000
0 134 1 1 17 0 0.000 0.060 16.829 25.626 0.000
0 135 1 1 18 0 0.000 0.060 16.829 25.626 0.000
0 136 1 1 19 0 0.000 0.060 16.829 25.626 0.000
0 137 1 1 20 0 0.000 0.060 16.829 25.626 0.000
0 138 1 1 21 0 0.000 0.060 16.829 25.626 0.000
0 139 1 1 22 0 0.000 0.060 16.829 25.626 0.000
0 140 1 1 23 0 0.000 0.060 16.829 25.626 0.000
0 141 1 1 24 0 0.000 0.060 16.829 25.626 0.000
0 142 1 1 25 0 0.000 0.060 16.829 25.626 0.000
0 143 1 1 26 0 0.000 0.060 16.829 25.626 0.000
0 144 1 1 27 0 0.000 0.060 16.829 25.626 0.000
0 145 1 1 28 0 0.000 0.060 16.829 25.626 0.000
0 146 1 1 29 0 0.000 0.060 16.829 25.626 0.000
0 147 1 1 30 0 0.000 0.060 16.829 25.626 0.000
0 148 1 1 31 0 0.000 0.060 16.829 25.626 0.000
0 149 1 1 32 0 0.000 0.060 16.829 25.626 0.000
0 150 1 1 33 0 0.000 0.060 16.829 25.626 0.000
0 151 1 1 34 0 0.000 0.060 16.829 25.626 0.000
0 152 1 1 35 0 0.000 0.060 16.829 25.626 0.000
0 153 1 1 36 0 0.000 0.060 16.829 25.626 0.000
0 154 1 1 37 0 0.000 0.060 16.829 25.626 0.000
0 155 1 1 38 0 0.000 0.060 16.829 25.626 0.000
0 156 2 0 0 0 0.000 0.060 16.829 25.626 0.000
0 157 2 0 1 0 0.000 0.060 16.829 25.626 0.000
0 158 2 0 2 0 0.000 0.060 16.829 25.626 0.000
0 159 2 0 3 0 0.000 0.060 16.829 25.626 0.000
0 160 2 0 4 0 0.000 0.060 16.829 25.626 0.000
0 161 2 0 5 0 0.000 0.060 16.829 25.626 0.000
0 162 2 0 6 0 0.000 0.060 16.829 25.626 0.000
0 163 2 0 7 0 0.000 0.060 16.829 25.626 0.000
0 164 2 0 8 0 0.000 0.060 16.829 25.626 0.000
0 165 2 0 9 0 0.000 0.060 16.829 25.626 0.000
0 166 2 0 10 0 0.000 0.060 16.829 25.626 0.000
0 167 2 0 11 0 0.000 0.060 16.829 25.626 0.000
0 168 2 0 12 0 0.000 0.060 16.829 25.626 0.000
0 169 2 0 13 0 0.000 0.060 16.829 25.626 0.000
0 170 2 0 14 0 0.000 0.060 16.829 25.626 0.000
0 171 2 0 15 0 0.000 0.060 16.829 25.626 0.000
0 172 2 0 16 0 0.000 0.060 16.829 25.626 0.000
0 173 2 0 17 0 0.000 0.060 16.829 25.626 0.000
0 174 2 0 18 0 0.000 0.060 16.829 25.626 0.000
0 175 2 0 19 0 0.000 0.060 16.829 25.626 0.000
0 176 2 0 20 0 0.000 0.060 16.829 25.626 0.000
0 177 2 0 21 0 0.000 0.060 16.829 25.626 0.000
0 178 2 0 22 0 0.000 0.060 16.829 25.626 0.000
0 179 2 0 23 0 0.000 0.060 16.829 25.626 0.000
0 180 2 0 24 0 0.000 0.060 16.829 25.626 0.000
0 181 2 0 25 0 0.000 0.060 16.829 25.626 0.000
0 182 2 0 26 0 0.000 0.060 16.829 25.626 0.000
0 183 2 0 27 0 0.000 0.060 16.829 25.626 0.000
0 184 2 0 28 0 0.000 0.060 16.829 25.626 0.000
0 185 2 0 29 0 0.000 0.060 16.829 25.626 0.000
0 186 2 0 30 0 0.000 0.060 16.829 25.626 0.000
0 187 2 0 31 0 0.000 0.060 16.829 25.626 0.000
0 188 2 0 32 0 0.000 0.060 16.829 25.626 0.000
0 189 2 0 33 0 0.000 0.060 16.829 25.626 0.000
0 190 2 0 34 0 0.000 0.060 16.829 25.626 0.000
0 191 2 0 35 0 0.000 0.060 16.829 25.626 0.000
0 192 2 0 36 0 0.000 0.060 16.829 25.626 0.000
0 193 2 0 37 0 0.000 0.060 16.829 25.626 0.000
0 194 2 0 38 0 0.000 0.060 16.829 25.626 0.000
0 195 2 1 0 0 0.000 0.060 16.829 25.626 0.000
0 196 2 1 1 0 0.000 0.060 16.829 25.626 0.000
0 197 2 1 2 0 0.000 0.060 16.829 25.626 0.000
0 198 2 1 3 0 0.000 0.060 16.829 25.626 0.000
0 199 2 1 4 0 0.000 0.060 16.829 25.626 0.000
0 200 2 1 5 0 0.000 0.060 16.829 25.626 0.000
0 201 2 1 6 0 0.000 0.060 16.829 25.626 0.000
0 202 2 1 7 0 0.000 0.060 16.829 25.626 0.000
0 203 2 1 8 0 0.000 0.060 16.829 25.626 0.000
0 204 2 1 9 0 0.000 0.060 16.829 25.626 0.000
0 205 2 1 10 0 0.000 0.060 16.829 25.626 0.000
0 206 2 1 11 0 0.000 0.060 16.829 25.626 0.000
0 207 2 1 12 0 0.000 0.060 16.829 25.626 0.000
0 208 2 1 13 0 0.000 0.060 16.829 25.626 0.000
0 209 2 1 14 0 0.000 0.060 16.829 25.626 0.000
0 210 2 1 15 0 0.000 0.060 16.829 25.626 0.000
0 211 2 1 16 0 0.000 0.060 16.829 25.626 0.000
0 212 2 1 17 0 0.000 0.060 16.829 25.626 0.000
0 213 2 1 18 0 0.000 0.060 16.829 25.626 0.000
0 214 2 1 19 0 0.000 0.060 16.829 25.626 0.000
0 215 2 1 20 0 0.000 0.060 16.829 25.626 0.000
0 216 2 1 21 0 0.000 0.060 16.829 25.626 0.000
0 217 2 1 22 0 0.000 0.060 16.829 25.626 0.000
0 218 2 1 23 0 0.000 0.060 16.829 25.626 0.000
0 219 2 1 24 0 0.000 0.060 16.829 25.626 0.000
0 220 2 1 25 0 0.000 0.060 16.829 25.626 0.000
0 221 2 1 26 0 0.000 0.060 16.829 25.626 0.000
0 222 2 1 27 0 0.000 0.060 16.829 25.626 0.000
0 223 2 1 28 0 0.000 0.060 16.829 25.626 0.000
0 224 2 1 29 0 0.000 0.060 16.829 25.626 0.000
0 225 2 1 30 0 0.000 0.060 16.829 25.626 0.000
0 226 2 1 31 0 0.000 0.060 16.829 25.626 0.000
0 227 2 1 32 0 0.000 0.060 16.829 25.626 0.000
0 228 2 1 33 0 0.000 0.060 16.829 25.626 0.000
0 229 2 1 34 0 0.000 0.060 16.829 25.626 0.000
0 230 2 1 35 0 0.000 0.060 16.829 25.626 0.000
0 231 2 1 36 0 0.000 0.060 16.829 25.626 0.000
0 232 2 1 37 0 0.000 0.060 16.829 25.626 0.000
0 233 2 1 38 0 0.000 0.060 16.829 25.626 0.000
1 0 0 0 0 0 0.000 0.060 16.829 25.626 0.000
1 1 0 0 1 0 0.000 0.060 16.829 25.626 0.000
1 2 0 0 2 0 0.000 0.060 16.829 25.626 0.000
1 3 0 0 3 0 0.000 0.060 16.829 25.626 0.000
1 4 0 0 4 0 0.000 0.060 16.829 25.626 0.000
1 5 0 0 5 0 0.000 0.060 16.829 25.626 0.000
1 6 0 0 6 0 0.000 0.060 16.829 25.626 0.000
1 7 0 0 7 0 0.000 0.060 16.829 25.626 0.000
1 8 0 0 8 0 0.000 0.060 16.829 25.626 0.000
1 9 0 0 9 0 0.000 0.060 16.829 25.626 0.000
1 10 0 0 10 0 0.000 0.060 16.829 25.626 0.000
1 11 0 0 11 0 0.000 0.060 16.829 25.626 0.000
1 12 0 0 12 0 0.000 0.060 16.829 25.626 0.000
1 13 0 0 13 0 0.000 0.060 16.829 25.626 0.000
1 14 0 0 14 0 0.000 0.060 16.829 25.626 0.000
1 15 0 0 15 0 0.000 0.060 16.829 25.626 0.000
1 16 0 0 16 0 0.000 0.060 16.829 25.626 0.000
1 17 0 0 17 0 0.000 0.060 16.829 25.626 0.000
1 18 0 0 18 0 0.000 0.060 16.829 25.626 0.000
1 19 0 0 19 0 0.000 0.060 16.829 25.626 0.000
1 20 0 0 20 0 0.000 0.060 16.829 25.626 0.000
1 21 0 0 21 0 0.000 0.060 16.829 25.626 0.000
1 22 0 0 22 0 0.000 0.060 16.829 25.626 0.000
1 23 0 0 23 0 0.000 0.060 16.829 25.626 0.000
1 24 0 0 24 0 0.000 0.060 16.829 25.626 0.000
1 25 0 0 25 0 0.000 0.060 16.829 25.626 0.000
1 26 0 0 26 0 0.000 0.060 16.829 25.626 0.000
1 27 0 0 27 0 0.000 0.060 16.829 25.626 0.000
1 28 0 0 28 0 0.000 0.060 16.829 25.626 0.000
1 29 0 0 29 0 0.000 0.060 16.829 25.626 0.000
1 30 0 0 30 0 0.000 0.060 16.829 25.626 0.000
1 31 0 0 31 0 0.000 0.060 16.829 25.626 0.000
1 32 0 0 32 0 0.000 0.060 16.829 25.626 0.000
1 33 0 0 33 0 0.000 0.060 16.829 25.626 0.000
1 34 0 0 34 0 0.000 0.060 16.829 25.626 0.000
1 35 0 0 35 0 0.000 0.060 16.829 25.626 0.000
1 36 0 0 36 0 0.000 0.060 16.829 25.626 0.000
1 37 0 0 37 0 0.000 0.060 16.829 25.626 0.000
1 38 0 0 38 0 0.000 0.060 16.829 25.626 0.000
1 39 0 1 0 0 0.000 0.060 16.829 25.626 0.000
1 40 0 1 1 0 0.000 0.060 16.829 25.626 0.000
1 41 0 1 2 0 0.000 0.060 16.829 25.626 0.000
1 42 0 1 3 0 0.000 0.060 16.829 25.626 0.000
1 43 0 1 4 0 0.000 0.060 16.829 25.626 0.000
1 44 0 1 5 0 0.000 0.060 16.829 25.626 0.000
1 45 0 1 6 0 0.000 0.060 16.829 25.626 0.000
1 46 0 1 7 0 0.000 0.060 16.829 25.626 0.000
1 47 0 1 8 0 0.000 0.060 16.829 25.626 0.000
1 48 0 1 9 0 0.000 0.060 16.829 25.626 0.000
1 49 0 1 10 0 0.000 0.060 16.829 25.626 0.000
1 50 0 1 11 0 0.000 0.060 16.829 25.626 0.000
1 51 0 1 12 0 0.000 0.060 16.829 25.626 0.000
1 52 0 1 13 0 0.000 0.060 16.829 25.626 0.000
1 53 0 1 14 0 0.000 0.060 16.829 25.626 0.000
1 54 0 1 15 0 0.000 0.060 16.829 25.626 0.000
1 55 0 1 16 0 0.000 0.060 16.829 25.626 0.000
1 56 0 1 17 0 0.000 0.060 16.829 25.626 0.000
1 57 0 1 18 0 0.000 0.060 16.829 25.626 0.000
1 58 0 1 19 0 0.000 0.060 16.829 25.626 0.000
1 59 0 1 20 0 0.000 0.060 16.829 25.626 0.000
1 60 0 1 21 0 0.000 0.060 16.829 25.626 0.000
1 61 0 1 22 0 0.000 0.060 16.829 25.626 0.000
1 62 0 1 23 0 0.000 0.060 16.829 25.626 0.000
1 63 0 1 24 0 0.000 0.060 16.829 25.626 0.000
1 64 0 1 25 0 0.000 0.060 16.829 25.626 0.000
1 65 0 1 26 0 0.000 0.060 16.829 25.626 0.000
1 66 0 1 27 0 0.000 0.060 16.829 25.626 0.000
1 67 0 1 28 0 0.000 0.060 16.829 25.626 0.000
1 68 0 1 29 0 0.000 0.060 16.829 25.626 0.000
1 69 0 1 30 0 0.000 0.060 16.829 25.626 0.000
1 70 0 1 31 0 0.000 0.060 16.829 25.626 0.000
1 71 0 1 32 0 0.000 0.060 16.829 25.626 0.000
1 72 0 1 33 0 0.000 0.060 16.829 25.626 0.000
1 73 0 1 34 0 0.000 0.060 16.829 25.626 0.000
1 74 0 1 35 0 0.000 0.060 16.829 25.626 0.000
1 75 0 1 36 0 0.000 0.060 16.829 25.626 0.000
1 76 0 1 37 0 0.000 0.060 16.829 25.626 0.000
1 77 0 1 38 0 0.000 0.060 16.829 25.626 0.000
1 78 1 0 0 0 0.000 0.060 16.829 25.626 0.000
1 79 1 0 1 0 0.000 0.060 16.829 25.626 0.000
1 80 1 0 2 0 0.000 0.060 16.829 25.626 0.000
1 81 1 0 3 0 0.000 0.060 16.829 25.626 0.000
1 82 1 0 4 0 0.000 0.060 16.829 25.626 0.000
1 83 1 0 5 0 0.000 0.060 16.829 25.626 0.000
1 84 1 0 6 0 0.000 0.060 16.829 25.626 0.000
1 85 1 0 7 0 0.000 0.060 16.829 25.626 0.000
1 86 1 0 8 0 0.000 0.060 16.829 25.626 0.000
1 87 1 0 9 0 0.000 0.060 16.829 25.626 0.000
1 88 1 0 10 0 0.000 0.060 16.829 25.626 0.000
1 89 1 0 11 0 0.000 0.060 16.829 25.626 0.000
1 90 1 0 12 0 0.000 0.060 16.829 25.626 0.000
1 91 1 0 13 0 0.000 0.060 16.829 25.626 0.000
1 92 1 0 14 0 0.000 0.060 16.829 25.626 0.000
1 93 1 0 15 0 0.000 0.060 16.829 25.626 0.000
1 94 1 0 16 0 0.000 0.060 16.829 25.626 0.000
1 95 1 0 17 0 0.000 0.060 16.829 25.626 0.000
1 96 1 0 18 0 0.000 0.060 16.829 25.626 0.000
1 97 1 0 19 0 0.000 0.060 16.829 25.626 0.000
1 98 1 0 20 0 0.000 0.060 16.829 25.626 0.000
1 99 1 0 21 0 0.000 0.060 16.829 25.626 0.000
1 100 1 0 22 0 0.000 0.060 16.829 25.626 0.000
1 101 1 0 23 0 0.000 0.060 16.829 25.626 0.000
1 102 1 0 24 0 0.000 0.060 16.829 25.626 0.000
1 103 1 0 25 0 0.000 0.060 16.829 25.626 0.000
1 104 1 0 26 0 0.000 0.060 16.829 25.626 0.000
1 105 1 0 27 0 0.000 0.060 16.829 25.626 0.000
1 106 1 0 28 0 0.000 0.060 16.829 25.626 0.000
1 107 1 0 29 0 0.000 0.060 16.829 25.626 0.000
1 108 1 0 30 0 0.000 0.060 16.829 25.626 0.000
1 109 1 0 31 0 0.000 0.060 16.829 25.626 0.000
1 110 1 0 32 0 0.000 0.060 16.829 25.626 0.000
1 111 1 0 33 0 0.000 0.060 16.829 25.626 0.000
1 112 1 0 34 0 0.000 0.060 16.829 25.626 0.000
1 113 1 0 35 0 0.000 0.060 16.829 25.626 0.000
1 114 1 0 36 0 0.000 0.060 16.829 25.626 0.000
1 115 1 0 37 0 0.000 0.060 16.829 25.626 0.000
1 116 1 0 38 0 0.000 0.060 16.829 25.626 0.000
1 117 1 1 0 0 0.000 0.060 16.829 25.626 0.000
1 118 1 1 1 0 0.000 0.060 16.829 25.626 0.000
1 119 1 1 2 0 0.000 0.060 16.829 25.626 0.000
1 120 1 1 3 0 0.000 0.060 16.829 25.626 0.000
1 121 1 1 4 0 0.000 0.060 16.829 25.626 0.000
1 122 1 1 5 0 0.000 0.060 16.829 25.626 0.000
1 123 1 1 6 0 0.000 0.060 16.829 25.626 0.000
1 124 1 1 7 0 0.000 0.060 16.829 25.626 0.000
1 125 1 1 8 0 0.000 0.060 16.829 25.626 0.000
1 126 1 1 9 0 0.000 0.060 16.829 25.626 0.000
1 127 1 1 10 0 0.000 0.060 16.829 25.626 0.000
1 128 1 1 11 0 0.000 0.060 16.829 25.626 0.000
1 129 1 1 12 0 0.000 0.060 16.829 25.626 0.000
1 130 1 1 13 0 0.000 0.060 16.829 25.626 0.000
1 131 1 1 14 0 0.000 0.060 16.829 25.626 0.000
1 132 1 1 15 0 0.000 0.060 16.829 25.626 0.000
1 133 1 1 16 0 0.000 0.060 16.829 25.626 0.000
1 134 1 1 17 0 0.000 0.060 16.829 25.626 0.000
1 135 1 1 18 0 0.000 0.060 16.829 25.626 0.000
1 136 1 1 19 0 0.000 0.060 16.829 25.626 0.000
1 137 1 1 20 0 0.000 0.060 16.829 25.626 0.000
1 138 1 1 21 0 0.000 0.060 16.829 25.626 0.000
1 139 1 1 22 0 0.000 0.060 16.829 25.626 0.000
1 140 1 1 23 0 0.000 0.060 16.829 25.626 0.000
1 141 1 1 24 0 0.000 0.060 16.829 25.626 0.000
1 142 1 1 25 0 0.000 0.060 16.829 25.626 0.000
1 143 1 1 26 0 0.000 0.060 16.829 25.626 0.000
1 144 1 1 27 0 0.000 0.060 16.829 25.626 0.000
1 145 1 1 28 0 0.000 0.060 16.829 25.626 0.000
1 146 1 1 29 0 0.000 0.060 16.829 25.626 0.000
1 147 1 1 30 0 0.000 0.060 16.829 25.626 0.000
1 148 1 1 31 0 0.000 0.060 16.829 25.626 0.000
1 149 1 1 32 0 0.000 0.060 16.829 25.626 0.000
1 150 1 1 33 0 0.000 0.060 16.829 25.626 0.000
1 151 1 1 34 0 0.000 0.060 16.829 25.626 0.000
1 152 1 1 35 0 0.000 0.060 16.829 25.626 0.000
1 153 1 1 36 0 0.000 0.060 16.829 25.626 0.000
1 154 1 1 37 0 0.000 0.060 16.829 25.626 0.000
1 155 1 1 38 0 0.000 0.060 16.829 25.626 0.000
1 156 2 0 0 0 0.000 0.060 16.829 25.626 0.000
1 157 2 0 1 0 0.000 0.060 16.829 25.626 0.000
1 158 2 0 2 0 0.000 0.060 16.829 25.626 0.000
1 159 2 0 3 0 0.000 0.060 16.829 25.626 0.000
1 160 2 0 4 0 0.000 0.060 16.829 25.626 0.000
1 161 2 0 5 0 0.000 0.060 16.829 25.626 0.000
1 162 2 0 6 0 0.000 0.060 16.829 25.626 0.000
1 163 2 0 7 0 0.000 0.060 16.829 25.626 0.000
1 164 2 0 8 0 0.000 0.060 16.829 25.626 0.000
1 165 2 0 9 0 0.000 0.060 16.829 25.626 0.000
1 166 2 0 10 0 0.000 0.060 16.829 25.626 0.000
1 167 2 0 11 0 0.000 0.060 16.829 25.626 0.000
1 168 2 0 12 0 0.000 0.060 16.829 25.626 0.000
1 169 2 0 13 0 0.000 0.060 16.829 25.626 0.000
1 170 2 0 14 0 0.000 0.060 16.829 25.626 0.000
1 171 2 0 15 0 0.000 0.060 16.829 25.626 0.000
1 172 2 0 16 0 0.000 0.060 16.829 25.626 0.000
1 173 2 0 17 0 0.000 0.060 16.829 25.626 0.000
1 174 2 0 18 0 0.000 0.060 16.829 25.626 0.000
1 175 2 0 19 0 0.000 0.060 16.829 25.626 0.000
1 176 2 0 20 0 0.000 0.060 16.829 25.626 0.000
1 177 2 0 21 0 0.000 0.060 16.829 25.626 0.000
1 178 2 0 22 0 0.000 0.060 16.829 25.626 0.000
1 179 2 0 23 0 0.000 0.060 16.829 25.626 0.000
1 180 2 0 24 0 0.000 0.060 16.829 25.626 0.000
1 181 2 0 25 0 0.000 0.060 16.829 25.626 0.000
1 182 2 0 26 0 0.000 0.060 16.829 25.626 0.000
1 183 2 0 27 0 0.000 0.060 16.829 25.626 0.000
1 184 2 0 28 0 0.000 0.060 16.829 25.626 0.000
1 185 2 0 29 0 0.000 0.060 16.829 25.626 0.000
1 186 2 0 30 0 0.000 0.060 16.829 25.626 0.000
1 187 2 0 31 0 0.000 0.060 16.829 25.626 0.000
1 188 2 0 32 0 0.000 0.060 16.829 25.626 0.000
1 189 2 0 33 0 0.000 0.060 16.829 25.626 0.000
1 190 2 0 34 0 0.000 0.060 16.829 25.626 0.000
1 191 2 0 35 0 0.000 0.060 16.829 25.626 0.000
1 192 2 0 36 0 0.000 0.060 16.829 25.626 0.000
1 193 2 0 37 0 0.000 0.060 16.829 25.626 0.000
1 194 2 0 38 0 0.000 0.060 16.829 25.626 0.000
1 195 2 1 0 0 0.000 0.060 16.829 25.626 0.000
1 196 2 1 1 0 0.000 0.060 16.829 25.626 0.000
1 197 2 1 2 0 0.000 0.060 16.829 25.626 0.000
1 198 2 1 3 0 0.000 0.060 16.829 25.626 0.000
1 199 2 1 4 0 0.000 0.060 16.829 25.626 0.000
1 200 2 1 5 0 0.000 0.060 16.829 25.626 0.000
1 201 2 1 6 0 0.000 0.060 16.829 25.626 0.000
1 202 2 1 7 0 0.000 0.060 16.829 25.626 0.000
1 203 2 1 8 0 0.000 0.060 16.829 25.626 0.000
1 204 2 1 9 0 0.000 0.060 16.829 25.626 0.000
1 205 2 1 10 0 0.000 0.060 16.829 25.626 0.000
1 206 2 1 11 0 0.000 0.060 16.829 25.626 0.000
1 207 2 1 12 0 0.000 0.060 16.829 25.626 0.000
1 208 2 1 13 0 0.000 0.060 16.829 25.626 0.000
1 209 2 1 14 0 0.000 0.060 16.829 25.626 0.000
1 210 2 1 15 0 0.000 0.060 16.829 25.626 0.000
1 211 2 1 16 0 0.000 0.060 16.829 25.626 0.000
1 212 2 1 17 0 0.000 0.060 16.829 25.626 0.000
1 213 2 1 18 0 0.000 0.060 16.829 25.626 0.000
1 214 2 1 19 0 0.000 0.060 16.829 25.626 0.000
1 215 2 1 20 0 0.000 0.060 16.829 25.626 0.000
1 216 2 1 21 0 0.000 0.060 16.829 25.626 0.000
1 217 2 1 22 0 0.000 0.060 16.829 25.626 0.000
1 218 2 1 23 0 0.000 0.060 16.829 25.626 0.000
1 219 2 1 24 0 0.000 0.060 16.829 25.626 0.000
1 220 2 1 25 0 0.000 0.060 16.829 25.626 0.000
1 221 2 1 26 0 0.000 0.060 16.829 25.626 0.000
1 222 2 1 27 0 0.000 0.060 16.829 25.626 0.000
1 223 2 1 28 0 0.000 0.060 16.829 25.626 0.000
1 224 2 1 29 0 0.000 0.060 16.829 25.626 0.000
1 225 2 1 30 0 0.000 0.060 16.829 25.626 0.000
1 226 2 1 31 0 0.000 0.060 16.829 25.626 0.000
1 227 2 1 32 0 0.000 0.060 16.829 25.626 0.000
1 228 2 1 33 0 0.000 0.060 16.829 25.626 0.000
1 229 2 1 34 0 0.000 0.060 16.829 25.626 0.000
1 230 2 1 35 0 0.000 0.060 16.829 25.626 0.000
1 231 2 1 36 0 0.000 0.060 16.829 25.626 0.000
1 232 2 1 37 0 0.000 0.060 16.829 25.626 0.000
1 233 2 1 38 0 0.000 0.060 16.829 25.626 0.000
