0 0 0 0 0 159526 83.049 2.017 0.005 0.004 82.549
0 1 0 0 1 159526 82.995 2.166 0.005 0.004 82.495
0 2 0 0 2 159526 79.664 2.246 0.006 0.004 79.164
0 3 0 0 3 159526 78.199 2.201 0.006 0.004 77.699
0 4 0 0 4 159526 82.989 1.802 0.005 0.003 82.489
0 5 0 0 5 159526 77.369 2.280 0.006 0.004 76.869
0 6 0 0 6 159526 178.505 2.346 0.006 0.004 178.005
0 7 0 0 7 159526 78.974 1.913 0.005 0.003 78.474
0 8 0 0 8 0 0.000 0.060 16.829 25.626 0.000
0 9 0 0 9 159526 47.440 1.748 0.004 0.003 46.940
0 10 0 0 10 159526 70.954 2.591 0.006 0.005 70.454
0 11 0 0 11 159526 137.678 1.875 0.005 0.003 137.178
0 12 0 0 12 159526 75.774 2.463 0.006 0.004 75.274
0 13 0 0 13 159526 78.281 2.193 0.005 0.004 77.781
0 14 0 0 14 159526 75.286 2.563 0.006 0.005 74.786
0 15 0 0 15 159526 83.484 2.227 0.006 0.004 82.984
0 16 0 0 16 159526 78.584 2.336 0.006 0.004 78.084
0 17 0 0 17 0 0.000 0.060 16.829 25.626 0.000
0 18 0 0 18 0 0.000 0.060 16.829 25.626 0.000
0 19 0 0 19 0 0.000 0.060 16.829 25.626 0.000
0 20 0 0 20 159526 175.991 1.841 0.005 0.003 175.491
0 21 0 0 21 159526 85.865 2.174 0.005 0.004 85.365
0 22 0 0 22 159526 67.836 1.751 0.004 0.003 67.336
0 23 0 0 23 159526 82.520 2.124 0.005 0.004 82.020
0 24 0 0 24 159526 84.423 1.957 0.005 0.003 83.923
0 25 0 0 25 159526 84.666 1.500 0.004 0.003 84.166
0 26 0 0 26 159526 79.836 2.616 0.007 0.005 79.336
0 27 0 0 27 159526 78.895 2.272 0.006 0.004 78.395
0 28 0 0 28 0 0.000 0.060 16.829 25.626 0.000
0 29 0 0 29 159526 99.761 2.253 0.006 0.004 99.261
0 30 0 0 30 159526 85.149 2.638 0.007 0.005 84.649
0 31 0 0 31 159526 90.676 2.026 0.005 0.004 90.176
0 32 0 0 32 159526 106.089 2.189 0.005 0.004 105.589
0 33 0 0 33 159526 81.053 2.151 0.005 0.004 80.553
0 34 0 0 34 159526 84.468 2.360 0.006 0.004 83.968
0 35 0 0 35 159526 85.064 2.047 0.005 0.004 84.564
0 36 0 0 36 159526 90.206 2.011 0.005 0.004 89.706
0 37 0 0 37 0 0.000 0.060 16.829 25.626 0.000
0 38 0 0 38 0 0.000 0.060 16.829 25.626 0.000
0 39 0 1 0 159526 90.054 1.952 0.005 0.003 89.554
0 40 0 1 1 159526 88.847 1.989 0.005 0.004 88.347
0 41 0 1 2 159526 82.694 2.294 0.006 0.004 82.194
0 42 0 1 3 159526 191.101 2.091 0.005 0.004 190.601
0 43 0 1 4 159526 88.447 2.224 0.006 0.004 87.947
0 44 0 1 5 159526 85.649 2.046 0.005 0.004 85.149
0 45 0 1 6 159526 87.588 2.354 0.006 0.004 87.088
0 46 0 1 7 159526 88.661 2.305 0.006 0.004 88.161
0 47 0 1 8 0 0.000 0.060 16.829 25.626 0.000
0 48 0 1 9 159526 82.569 2.129 0.005 0.004 82.069
0 49 0 1 10 159526 79.969 2.454 0.006 0.004 79.469
0 50 0 1 11 159526 85.290 2.236 0.006 0.004 84.790
0 51 0 1 12 159526 85.284 2.597 0.007 0.005 84.784
0 52 0 1 13 159526 86.010 2.080 0.005 0.004 85.510
0 53 0 1 14 159526 82.719 2.604 0.007 0.005 82.219
0 54 0 1 15 159526 84.437 2.188 0.005 0.004 83.937
0 55 0 1 16 159526 87.788 2.424 0.006 0.004 87.288
0 56 0 1 17 0 0.000 0.060 16.829 25.626 0.000
0 57 0 1 18 0 0.000 0.060 16.829 25.626 0.000
0 58 0 1 19 0 0.000 0.060 16.829 25.626 0.000
0 59 0 1 20 159526 88.215 2.009 0.005 0.004 87.715
0 60 0 1 21 159526 84.567 2.106 0.005 0.004 84.067
0 61 0 1 22 159526 86.473 2.255 0.006 0.004 85.973
0 62 0 1 23 159526 87.259 2.009 0.005 0.004 86.759
0 63 0 1 24 159526 87.933 2.060 0.005 0.004 87.433
0 64 0 1 25 159526 89.487 1.926 0.005 0.003 88.987
0 65 0 1 26 159526 90.869 2.140 0.005 0.004 90.369
0 66 0 1 27 159526 89.643 2.104 0.005 0.004 89.143
0 67 0 1 28 0 0.000 0.060 16.829 25.626 0.000
0 68 0 1 29 159526 90.110 2.069 0.005 0.004 89.610
0 69 0 1 30 159526 92.410 2.526 0.006 0.004 91.910
0 70 0 1 31 159526 84.228 2.216 0.006 0.004 83.728
0 71 0 1 32 159526 93.311 2.424 0.006 0.004 92.811
0 72 0 1 33 159526 86.686 2.194 0.005 0.004 86.186
0 73 0 1 34 159526 87.915 2.052 0.005 0.004 87.415
0 74 0 1 35 159526 95.036 1.860 0.005 0.003 94.536
0 75 0 1 36 159526 95.222 1.941 0.005 0.003 94.722
0 76 0 1 37 0 0.000 0.060 16.829 25.626 0.000
0 77 0 1 38 0 0.000 0.060 16.829 25.626 0.000
0 78 1 0 0 159526 90.065 1.841 0.005 0.003 89.565
0 79 1 0 1 159526 86.865 1.904 0.005 0.003 86.365
0 80 1 0 2 159526 86.152 2.110 0.005 0.004 85.652
0 81 1 0 3 159526 87.144 1.976 0.005 0.003 86.644
0 82 1 0 4 159526 81.828 2.063 0.005 0.004 81.328
0 83 1 0 5 159526 82.257 2.025 0.005 0.004 81.757
0 84 1 0 6 159526 90.083 1.557 0.004 0.003 89.583
0 85 1 0 7 159526 84.432 1.849 0.005 0.003 83.932
0 86 1 0 8 0 0.000 0.060 16.829 25.626 0.000
0 87 1 0 9 159526 171.986 1.710 0.004 0.003 171.486
0 88 1 0 10 159526 83.035 2.339 0.006 0.004 82.535
0 89 1 0 11 159526 81.742 1.683 0.004 0.003 81.242
0 90 1 0 12 159526 85.206 2.171 0.005 0.004 84.706
0 91 1 0 13 159526 85.559 1.977 0.005 0.004 85.059
0 92 1 0 14 159526 84.146 2.238 0.006 0.004 83.646
0 93 1 0 15 159526 86.009 1.998 0.005 0.004 85.509
0 94 1 0 16 159526 83.152 2.399 0.006 0.004 82.652
0 95 1 0 17 0 0.000 0.060 16.829 25.626 0.000
0 96 1 0 18 0 0.000 0.060 16.829 25.626 0.000
0 97 1 0 19 0 0.000 0.060 16.829 25.626 0.000
0 98 1 0 20 159526 69.272 2.484 0.006 0.004 68.693
0 99 1 0 21 159526 85.985 2.082 0.005 0.004 85.485
0 100 1 0 22 159526 87.710 1.984 0.005 0.004 87.210
0 101 1 0 23 159526 82.932 2.076 0.005 0.004 82.432
0 102 1 0 24 159526 85.677 1.919 0.005 0.003 85.177
0 103 1 0 25 159526 86.961 1.534 0.004 0.003 86.461
0 104 1 0 26 159526 84.452 2.514 0.006 0.004 83.952
0 105 1 0 27 159526 82.521 2.383 0.006 0.004 82.021
0 106 1 0 28 0 0.000 0.060 16.829 25.626 0.000
0 107 1 0 29 159526 89.146 2.064 0.005 0.004 88.646
0 108 1 0 30 159526 93.926 2.250 0.006 0.004 93.426
0 109 1 0 31 159526 89.939 1.876 0.005 0.003 89.439
0 110 1 0 32 159526 90.945 1.943 0.005 0.003 90.445
0 111 1 0 33 159526 84.045 2.053 0.005 0.004 83.545
0 112 1 0 34 159526 83.918 2.117 0.005 0.004 83.418
0 113 1 0 35 159526 88.674 2.167 0.005 0.004 88.174
0 114 1 0 36 159526 89.683 2.217 0.006 0.004 89.183
0 115 1 0 37 0 0.000 0.060 16.829 25.626 0.000
0 116 1 0 38 0 0.000 0.060 16.829 25.626 0.000
0 117 1 1 0 159526 84.346 1.779 0.004 0.003 83.846
0 118 1 1 1 159526 87.104 1.851 0.005 0.003 86.604
0 119 1 1 2 159526 82.678 1.977 0.005 0.004 82.178
0 120 1 1 3 159526 79.662 1.896 0.005 0.003 79.162
0 121 1 1 4 159526 82.196 1.947 0.005 0.003 81.696
0 122 1 1 5 159526 87.398 0.998 0.002 0.002 86.898
0 123 1 1 6 159526 80.320 2.074 0.005 0.004 79.820
0 124 1 1 7 159526 82.041 2.079 0.005 0.004 81.541
0 125 1 1 8 0 0.000 0.060 16.829 25.626 0.000
0 126 1 1 9 159526 75.849 2.028 0.005 0.004 75.349
0 127 1 1 10 159526 78.793 2.229 0.006 0.004 78.293
0 128 1 1 11 159526 81.436 1.951 0.005 0.003 80.936
0 129 1 1 12 159526 81.953 2.357 0.006 0.004 81.453
0 130 1 1 13 159526 84.344 1.879 0.005 0.003 83.844
0 131 1 1 14 159526 81.782 2.412 0.006 0.004 81.282
0 132 1 1 15 159526 0.000 0.060 16.829 25.626 512.000
0 133 1 1 16 159526 189.827 2.289 0.006 0.004 189.327
0 134 1 1 17 0 0.000 0.060 16.829 25.626 0.000
0 135 1 1 18 0 0.000 0.060 16.829 25.626 0.000
0 136 1 1 19 0 0.000 0.060 16.829 25.626 0.000
0 137 1 1 20 159526 81.345 1.980 0.005 0.004 80.845
0 138 1 1 21 159526 81.023 2.069 0.005 0.004 80.523
0 139 1 1 22 159526 76.375 2.432 0.006 0.004 75.875
0 140 1 1 23 159526 78.658 2.138 0.005 0.004 78.158
0 141 1 1 24 159526 76.607 2.261 0.006 0.004 76.107
0 142 1 1 25 159526 80.185 1.823 0.005 0.003 79.685
0 143 1 1 26 159526 81.862 2.047 0.005 0.004 81.362
0 144 1 1 27 159526 83.184 2.023 0.005 0.004 82.684
0 145 1 1 28 0 0.000 0.060 16.829 25.626 0.000
0 146 1 1 29 159526 81.998 1.987 0.005 0.004 81.498
0 147 1 1 30 159526 84.171 2.374 0.006 0.004 83.671
0 148 1 1 31 159526 78.399 2.223 0.006 0.004 77.899
0 149 1 1 32 159526 80.242 2.366 0.006 0.004 79.742
0 150 1 1 33 159526 81.598 2.158 0.005 0.004 81.098
0 151 1 1 34 159526 81.112 1.959 0.005 0.003 80.612
0 152 1 1 35 159526 84.560 1.981 0.005 0.004 84.060
0 153 1 1 36 159526 84.294 2.074 0.005 0.004 83.794
0 154 1 1 37 0 0.000 0.060 16.829 25.626 0.000
0 155 1 1 38 0 0.000 0.060 16.829 25.626 0.000
0 156 2 0 0 159526 83.177 1.937 0.005 0.003 82.677
0 157 2 0 1 159526 80.689 1.918 0.005 0.003 80.189
0 158 2 0 2 159526 75.654 2.075 0.005 0.004 75.154
0 159 2 0 3 159526 78.331 2.114 0.005 0.004 77.831
0 160 2 0 4 159526 82.510 1.644 0.004 0.003 82.010
0 161 2 0 5 159526 74.253 2.324 0.006 0.004 73.753
0 162 2 0 6 159526 72.138 2.810 0.007 0.005 71.638
0 163 2 0 7 159526 80.128 1.948 0.005 0.003 79.628
0 164 2 0 8 0 0.000 0.060 16.829 25.626 0.000
0 165 2 0 9 159526 80.789 1.864 0.005 0.003 80.289
0 166 2 0 10 159526 71.693 2.740 0.007 0.005 71.193
0 167 2 0 11 159526 85.505 0.047 0.000 3.026 85.000
0 168 2 0 12 159526 78.612 2.490 0.006 0.004 78.102
0 169 2 0 13 159526 86.033 0.894 0.002 0.002 85.533
0 170 2 0 14 159526 73.365 2.299 0.006 0.004 72.865
0 171 2 0 15 159526 87.307 1.007 0.003 0.002 86.807
0 172 2 0 16 159526 77.773 2.314 0.006 0.004 77.273
0 173 2 0 17 0 0.000 0.060 16.829 25.626 0.000
0 174 2 0 18 0 0.000 0.060 16.829 25.626 0.000
0 175 2 0 19 0 0.000 0.060 16.829 25.626 0.000
0 176 2 0 20 159526 80.505 0.047 0.000 3.027 80.000
0 177 2 0 21 159526 78.714 1.740 0.004 0.003 78.214
0 178 2 0 22 159526 69.505 0.047 0.000 3.027 69.000
0 179 2 0 23 159526 74.458 2.172 0.005 0.004 73.958
0 180 2 0 24 159526 77.617 2.056 0.005 0.004 77.117
0 181 2 0 25 159526 82.364 1.574 0.004 0.003 81.864
0 182 2 0 26 159526 71.437 3.318 0.008 0.006 70.769
0 183 2 0 27 159526 74.606 2.262 0.006 0.004 74.106
0 184 2 0 28 0 0.000 0.060 16.829 25.626 0.000
0 185 2 0 29 159526 80.667 2.069 0.005 0.004 80.167
0 186 2 0 30 159526 78.733 2.485 0.006 0.004 78.233
0 187 2 0 31 159526 86.076 1.937 0.005 0.003 85.576
0 188 2 0 32 159526 83.542 2.008 0.005 0.004 83.042
0 189 2 0 33 159526 69.876 0.912 0.002 0.002 69.376
0 190 2 0 34 159526 79.708 2.144 0.005 0.004 79.208
0 191 2 0 35 159526 186.637 1.881 0.005 0.003 186.137
0 192 2 0 36 159526 84.580 1.984 0.005 0.004 84.080
0 193 2 0 37 0 0.000 0.060 16.829 25.626 0.000
0 194 2 0 38 0 0.000 0.060 16.829 25.626 0.000
0 195 2 1 0 159526 85.600 2.041 0.005 0.004 85.100
0 196 2 1 1 159526 88.538 2.043 0.005 0.004 88.038
0 197 2 1 2 159526 81.009 2.330 0.006 0.004 80.509
0 198 2 1 3 159526 85.142 2.178 0.005 0.004 84.642
0 199 2 1 4 159526 83.273 2.446 0.006 0.004 82.773
0 200 2 1 5 159526 85.956 2.083 0.005 0.004 85.456
0 201 2 1 6 159526 81.288 2.430 0.006 0.004 80.788
0 202 2 1 7 159526 87.797 2.447 0.006 0.004 87.297
0 203 2 1 8 0 0.000 0.060 16.829 25.626 0.000
0 204 2 1 9 159526 77.585 2.237 0.006 0.004 77.085
0 205 2 1 10 159526 83.657 2.757 0.007 0.005 83.157
0 206 2 1 11 159526 80.338 2.246 0.006 0.004 79.838
0 207 2 1 12 159526 78.431 2.924 0.007 0.005 77.931
0 208 2 1 13 159526 81.393 2.131 0.005 0.004 80.893
0 209 2 1 14 159526 190.949 3.056 0.008 0.005 190.449
0 210 2 1 15 159526 81.503 2.300 0.006 0.004 81.003
0 211 2 1 16 159526 78.880 2.797 0.007 0.005 78.380
0 212 2 1 17 0 0.000 0.060 16.829 25.626 0.000
0 213 2 1 18 0 0.000 0.060 16.829 25.626 0.000
0 214 2 1 19 0 0.000 0.060 16.829 25.626 0.000
0 215 2 1 20 159526 81.587 2.093 0.005 0.004 81.087
0 216 2 1 21 159526 81.021 2.073 0.005 0.004 80.521
0 217 2 1 22 159526 77.185 2.310 0.006 0.004 76.685
0 218 2 1 23 159526 81.190 2.011 0.005 0.004 80.690
0 219 2 1 24 159526 81.652 2.159 0.005 0.004 81.152
0 220 2 1 25 159526 80.856 1.890 0.005 0.003 80.356
0 221 2 1 26 159526 77.753 2.339 0.006 0.004 77.253
0 222 2 1 27 159526 85.331 2.162 0.005 0.004 84.831
0 223 2 1 28 0 0.000 0.060 16.829 25.626 0.000
0 224 2 1 29 159526 81.256 2.113 0.005 0.004 80.756
0 225 2 1 30 159526 81.998 2.680 0.007 0.005 81.498
0 226 2 1 31 159526 83.560 2.349 0.006 0.004 83.060
0 227 2 1 32 159526 84.525 2.574 0.006 0.005 84.025
0 228 2 1 33 159526 88.832 2.329 0.006 0.004 88.332
0 229 2 1 34 159526 91.710 2.209 0.006 0.004 91.210
0 230 2 1 35 159526 94.992 0.726 0.002 0.001 94.492
0 231 2 1 36 159526 97.521 2.146 0.005 0.004 97.021
0 232 2 1 37 0 0.000 0.060 16.829 25.626 0.000
0 233 2 1 38 0 0.000 0.060 16.829 25.626 0.000
1 0 0 0 0 159526 94.030 1.654 0.004 0.003 93.530
1 1 0 0 1 159526 94.673 0.845 0.002 0.001 94.173
1 2 0 0 2 159526 94.503 1.631 0.004 0.003 94.003
1 3 0 0 3 159526 93.073 1.769 0.004 0.003 92.573
1 4 0 0 4 159526 93.786 1.396 0.003 0.002 93.285
1 5 0 0 5 159526 95.962 1.839 0.005 0.003 95.462
1 6 0 0 6 159526 92.810 1.853 0.005 0.003 92.310
1 7 0 0 7 159526 93.363 1.576 0.004 0.003 92.863
1 8 0 0 8 0 0.000 0.060 16.829 25.626 0.000
1 9 0 0 9 159526 59.949 1.517 0.004 0.003 59.449
1 10 0 0 10 159526 93.289 1.830 0.005 0.003 92.789
1 11 0 0 11 159526 93.420 1.504 0.004 0.003 92.920
1 12 0 0 12 159526 94.792 1.495 0.004 0.003 94.292
1 13 0 0 13 159526 93.189 1.586 0.004 0.003 92.689
1 14 0 0 14 159526 93.335 1.674 0.004 0.003 92.835
1 15 0 0 15 159526 93.111 1.689 0.004 0.003 92.611
1 16 0 0 16 159526 93.845 1.708 0.004 0.003 93.345
1 17 0 0 17 0 0.000 0.060 16.829 25.626 0.000
1 18 0 0 18 0 0.000 0.060 16.829 25.626 0.000
1 19 0 0 19 0 0.000 0.060 16.829 25.626 0.000
1 20 0 0 20 159526 94.078 1.465 0.004 0.003 93.578
1 21 0 0 21 159526 93.889 1.660 0.004 0.003 93.389
1 22 0 0 22 159526 93.431 1.475 0.004 0.003 92.931
1 23 0 0 23 159526 96.810 1.727 0.004 0.003 96.311
1 24 0 0 24 159526 94.742 1.468 0.004 0.003 94.242
1 25 0 0 25 159526 94.314 1.273 0.003 0.002 93.814
1 26 0 0 26 159526 94.054 1.791 0.004 0.003 93.554
1 27 0 0 27 159526 92.242 1.938 0.005 0.003 91.742
1 28 0 0 28 0 0.000 0.060 16.829 25.626 0.000
1 29 0 0 29 159526 203.017 1.984 0.005 0.004 202.517
1 30 0 0 30 159526 93.264 1.755 0.004 0.003 92.764
1 31 0 0 31 159526 93.011 1.691 0.004 0.003 92.511
1 32 0 0 32 159526 93.616 2.169 0.005 0.004 93.116
1 33 0 0 33 159526 92.680 1.821 0.005 0.003 92.180
1 34 0 0 34 159526 93.630 1.856 0.005 0.003 93.130
1 35 0 0 35 159526 94.307 1.672 0.004 0.003 93.807
1 36 0 0 36 159526 92.539 1.774 0.004 0.003 92.039
1 37 0 0 37 0 0.000 0.060 16.829 25.626 0.000
1 38 0 0 38 0 0.000 0.060 16.829 25.626 0.000
1 39 0 1 0 159526 85.801 1.682 0.004 0.003 85.301
1 40 0 1 1 159526 84.608 1.763 0.004 0.003 84.108
1 41 0 1 2 159526 89.046 1.807 0.005 0.003 88.546
1 42 0 1 3 159526 85.111 1.756 0.004 0.003 84.611
1 43 0 1 4 159526 85.775 1.682 0.004 0.003 85.275
1 44 0 1 5 159526 88.119 1.700 0.004 0.003 87.619
1 45 0 1 6 159526 87.842 1.701 0.004 0.003 87.342
1 46 0 1 7 159526 85.231 1.761 0.004 0.003 84.731
1 47 0 1 8 0 0.000 0.060 16.829 25.626 0.000
1 48 0 1 9 159526 86.590 1.716 0.004 0.003 86.090
1 49 0 1 10 159526 86.806 1.708 0.004 0.003 86.306
1 50 0 1 11 159526 86.420 1.689 0.004 0.003 85.920
1 51 0 1 12 159526 85.640 1.739 0.004 0.003 85.140
1 52 0 1 13 159526 86.496 1.723 0.004 0.003 85.996
1 53 0 1 14 159526 85.945 1.739 0.004 0.003 85.445
1 54 0 1 15 159526 89.305 1.677 0.004 0.003 88.805
1 55 0 1 16 159526 88.511 1.762 0.004 0.003 88.011
1 56 0 1 17 0 0.000 0.060 16.829 25.626 0.000
1 57 0 1 18 0 0.000 0.060 16.829 25.626 0.000
1 58 0 1 19 0 0.000 0.060 16.829 25.626 0.000
1 59 0 1 20 159526 84.136 1.558 0.004 0.003 83.636
1 60 0 1 21 159526 86.623 1.695 0.004 0.003 86.123
1 61 0 1 22 159526 87.429 1.766 0.004 0.003 86.929
1 62 0 1 23 159526 86.800 1.770 0.004 0.003 86.300
1 63 0 1 24 159526 85.729 1.640 0.004 0.003 85.229
1 64 0 1 25 159526 82.972 1.607 0.004 0.003 82.472
1 65 0 1 26 159526 86.844 1.670 0.004 0.003 86.344
1 66 0 1 27 159526 86.910 1.731 0.004 0.003 86.410
1 67 0 1 28 0 0.000 0.060 16.829 25.626 0.000
1 68 0 1 29 159526 85.980 1.781 0.004 0.003 85.480
1 69 0 1 30 159526 88.859 1.864 0.005 0.003 88.359
1 70 0 1 31 159526 88.417 1.960 0.005 0.003 87.917
1 71 0 1 32 159526 86.201 2.035 0.005 0.004 85.701
1 72 0 1 33 159526 89.489 1.891 0.005 0.003 88.989
1 73 0 1 34 159526 86.584 1.789 0.004 0.003 86.084
1 74 0 1 35 159526 81.467 1.730 0.004 0.003 80.967
1 75 0 1 36 159526 197.895 1.889 0.005 0.003 197.395
1 76 0 1 37 0 0.000 0.060 16.829 25.626 0.000
1 77 0 1 38 0 0.000 0.060 16.829 25.626 0.000
1 78 1 0 0 159526 91.592 1.855 0.005 0.003 91.092
1 79 1 0 1 159526 94.043 1.807 0.005 0.003 93.543
1 80 1 0 2 159526 95.039 1.692 0.004 0.003 94.539
1 81 1 0 3 159526 96.012 1.693 0.004 0.003 95.512
1 82 1 0 4 159526 93.530 1.846 0.005 0.003 93.030
1 83 1 0 5 159526 207.929 1.858 0.005 0.003 207.429
1 84 1 0 6 159526 95.381 1.402 0.004 0.002 94.881
1 85 1 0 7 159526 94.634 1.566 0.004 0.003 94.134
1 86 1 0 8 0 0.000 0.060 16.829 25.626 0.000
1 87 1 0 9 159526 95.556 1.478 0.004 0.003 95.056
1 88 1 0 10 159526 95.279 1.820 0.005 0.003 94.779
1 89 1 0 11 159526 93.275 1.793 0.004 0.003 92.775
1 90 1 0 12 159526 93.758 1.636 0.004 0.003 93.258
1 91 1 0 13 159526 94.577 1.643 0.004 0.003 94.077
1 92 1 0 14 159526 94.072 1.677 0.004 0.003 93.572
1 93 1 0 15 159526 97.247 2.473 0.006 0.004 96.747
1 94 1 0 16 159526 94.596 1.799 0.005 0.003 94.096
1 95 1 0 17 0 0.000 0.060 16.829 25.626 0.000
1 96 1 0 18 0 0.000 0.060 16.829 25.626 0.000
1 97 1 0 19 0 0.000 0.060 16.829 25.626 0.000
1 98 1 0 20 159526 72.129 1.862 0.005 0.003 71.629
1 99 1 0 21 159526 195.666 1.923 0.005 0.003 195.166
1 100 1 0 22 159526 88.563 1.871 0.005 0.003 88.063
1 101 1 0 23 159526 96.618 1.855 0.005 0.003 96.118
1 102 1 0 24 159526 94.171 1.561 0.004 0.003 93.671
1 103 1 0 25 159526 94.360 1.369 0.003 0.002 93.860
1 104 1 0 26 159526 94.180 1.980 0.005 0.004 93.680
1 105 1 0 27 159526 94.842 2.062 0.005 0.004 94.342
1 106 1 0 28 0 0.000 0.060 16.829 25.626 0.000
1 107 1 0 29 159526 95.755 1.734 0.004 0.003 95.255
1 108 1 0 30 159526 96.380 1.966 0.005 0.003 95.880
1 109 1 0 31 159526 92.544 1.777 0.004 0.003 92.044
1 110 1 0 32 159526 97.403 1.760 0.004 0.003 96.903
1 111 1 0 33 159526 96.492 1.784 0.004 0.003 95.992
1 112 1 0 34 159526 101.124 1.247 0.003 0.002 100.624
1 113 1 0 35 159526 92.310 2.046 0.005 0.004 91.810
1 114 1 0 36 159526 99.118 2.650 0.007 0.005 98.618
1 115 1 0 37 0 0.000 0.060 16.829 25.626 0.000
1 116 1 0 38 0 0.000 0.060 16.829 25.626 0.000
1 117 1 1 0 159526 93.781 1.570 0.004 0.003 93.281
1 118 1 1 1 159526 91.573 1.678 0.004 0.003 91.073
1 119 1 1 2 159526 92.417 1.688 0.004 0.003 91.917
1 120 1 1 3 159526 91.530 1.798 0.005 0.003 91.030
1 121 1 1 4 159526 92.677 1.712 0.004 0.003 92.177
1 122 1 1 5 159526 92.707 1.660 0.004 0.003 92.207
1 123 1 1 6 159526 91.839 1.659 0.004 0.003 91.339
1 124 1 1 7 159526 91.940 1.694 0.004 0.003 91.440
1 125 1 1 8 0 0.000 0.060 16.829 25.626 0.000
1 126 1 1 9 159526 92.395 1.705 0.004 0.003 91.895
1 127 1 1 10 159526 192.699 1.632 0.004 0.003 192.199
1 128 1 1 11 159526 93.962 1.628 0.004 0.003 93.462
1 129 1 1 12 159526 93.702 1.688 0.004 0.003 93.202
1 130 1 1 13 159526 93.553 1.611 0.004 0.003 93.053
1 131 1 1 14 159526 90.560 1.716 0.004 0.003 90.060
1 132 1 1 15 159526 94.699 1.596 0.004 0.003 94.199
1 133 1 1 16 159526 93.042 1.767 0.004 0.003 92.542
1 134 1 1 17 0 0.000 0.060 16.829 25.626 0.000
1 135 1 1 18 0 0.000 0.060 16.829 25.626 0.000
1 136 1 1 19 0 0.000 0.060 16.829 25.626 0.000
1 137 1 1 20 159526 92.090 1.596 0.004 0.003 91.590
1 138 1 1 21 159526 93.070 1.738 0.004 0.003 92.570
1 139 1 1 22 159526 92.954 1.830 0.005 0.003 92.454
1 140 1 1 23 159526 93.214 1.853 0.005 0.003 92.714
1 141 1 1 24 159526 94.061 1.645 0.004 0.003 93.561
1 142 1 1 25 159526 92.855 1.653 0.004 0.003 92.355
1 143 1 1 26 159526 93.386 1.692 0.004 0.003 92.886
1 144 1 1 27 159526 91.165 1.769 0.004 0.003 90.665
1 145 1 1 28 0 0.000 0.060 16.829 25.626 0.000
1 146 1 1 29 159526 93.492 1.826 0.005 0.003 92.992
1 147 1 1 30 159526 0.000 0.060 16.829 25.626 1.000
1 148 1 1 31 159526 96.511 2.145 0.005 0.004 96.011
1 149 1 1 32 159526 91.333 2.141 0.005 0.004 90.833
1 150 1 1 33 159526 92.450 2.280 0.006 0.004 91.950
1 151 1 1 34 159526 90.407 1.925 0.005 0.003 89.907
1 152 1 1 35 159526 99.886 1.012 0.003 0.002 99.386
1 153 1 1 36 159526 93.821 2.448 0.006 0.004 93.321
1 154 1 1 37 0 0.000 0.060 16.829 25.626 0.000
1 155 1 1 38 0 0.000 0.060 16.829 25.626 0.000
1 156 2 0 0 159526 202.081 1.649 0.004 0.003 201.581
1 157 2 0 1 159526 90.831 1.756 0.004 0.003 90.331
1 158 2 0 2 159526 90.354 1.606 0.004 0.003 89.854
1 159 2 0 3 159526 92.065 1.818 0.005 0.003 91.565
1 160 2 0 4 159526 89.836 1.415 0.004 0.003 89.336
1 161 2 0 5 159526 91.387 1.933 0.005 0.003 90.887
1 162 2 0 6 159526 90.576 2.002 0.005 0.004 90.076
1 163 2 0 7 159526 91.583 1.715 0.004 0.003 91.083
1 164 2 0 8 0 0.000 0.060 16.829 25.626 0.000
1 165 2 0 9 159526 87.084 1.742 0.004 0.003 86.584
1 166 2 0 10 159526 92.590 1.748 0.004 0.003 92.090
1 167 2 0 11 159526 63.496 1.870 0.005 0.003 62.996
1 168 2 0 12 159526 91.876 1.602 0.004 0.003 91.376
1 169 2 0 13 159526 91.466 1.613 0.004 0.003 90.966
1 170 2 0 14 159526 91.236 1.612 0.004 0.003 90.736
1 171 2 0 15 159526 183.500 0.001 0.000 0.125 183.000
1 172 2 0 16 159526 86.355 1.706 0.004 0.003 85.855
1 173 2 0 17 0 0.000 0.060 16.829 25.626 0.000
1 174 2 0 18 0 0.000 0.060 16.829 25.626 0.000
1 175 2 0 19 0 0.000 0.060 16.829 25.626 0.000
1 176 2 0 20 159526 92.820 0.990 0.002 0.002 92.320
1 177 2 0 21 159526 94.206 0.984 0.002 0.002 93.706
1 178 2 0 22 159526 92.099 1.579 0.004 0.003 91.599
1 179 2 0 23 159526 91.246 1.903 0.005 0.003 90.746
1 180 2 0 24 159526 91.230 1.632 0.004 0.003 90.730
1 181 2 0 25 159526 91.197 1.421 0.004 0.003 90.697
1 182 2 0 26 159526 92.996 1.812 0.005 0.003 92.496
1 183 2 0 27 159526 91.765 1.951 0.005 0.003 91.265
1 184 2 0 28 0 0.000 0.060 16.829 25.626 0.000
1 185 2 0 29 159526 93.470 1.626 0.004 0.003 92.970
1 186 2 0 30 159526 93.533 1.717 0.004 0.003 93.033
1 187 2 0 31 159526 91.159 1.682 0.004 0.003 90.659
1 188 2 0 32 159526 91.702 1.704 0.004 0.003 91.202
1 189 2 0 33 159526 90.828 1.750 0.004 0.003 90.328
1 190 2 0 34 159526 91.618 1.783 0.004 0.003 91.118
1 191 2 0 35 159526 91.949 1.743 0.004 0.003 91.449
1 192 2 0 36 159526 90.844 1.700 0.004 0.003 90.344
1 193 2 0 37 0 0.000 0.060 16.829 25.626 0.000
1 194 2 0 38 0 0.000 0.060 16.829 25.626 0.000
1 195 2 1 0 159526 91.441 1.595 0.004 0.003 90.941
1 196 2 1 1 159526 90.869 1.596 0.004 0.003 90.369
1 197 2 1 2 159526 91.706 1.624 0.004 0.003 91.206
1 198 2 1 3 159526 91.163 1.579 0.004 0.003 90.663
1 199 2 1 4 159526 90.702 1.574 0.004 0.003 90.202
1 200 2 1 5 159526 91.692 1.578 0.004 0.003 91.192
1 201 2 1 6 159526 92.134 1.630 0.004 0.003 91.634
1 202 2 1 7 159526 90.564 1.546 0.004 0.003 90.064
1 203 2 1 8 0 0.000 0.060 16.829 25.626 0.000
1 204 2 1 9 159526 90.742 1.520 0.004 0.003 90.242
1 205 2 1 10 159526 92.943 1.657 0.004 0.003 92.443
1 206 2 1 11 159526 89.150 1.609 0.004 0.003 88.650
1 207 2 1 12 159526 91.590 1.682 0.004 0.003 91.090
1 208 2 1 13 159526 91.714 1.592 0.004 0.003 91.214
1 209 2 1 14 159526 91.337 1.692 0.004 0.003 90.837
1 210 2 1 15 159526 87.267 1.617 0.004 0.003 86.767
1 211 2 1 16 159526 90.872 1.649 0.004 0.003 90.372
1 212 2 1 17 0 0.000 0.060 16.829 25.626 0.000
1 213 2 1 18 0 0.000 0.060 16.829 25.626 0.000
1 214 2 1 19 0 0.000 0.060 16.829 25.626 0.000
1 215 2 1 20 159526 91.398 1.550 0.004 0.003 90.898
1 216 2 1 21 159526 91.085 1.651 0.004 0.003 90.585
1 217 2 1 22 159526 90.023 1.649 0.004 0.003 89.523
1 218 2 1 23 159526 199.487 1.643 0.004 0.003 198.987
1 219 2 1 24 159526 90.953 1.560 0.004 0.003 90.453
1 220 2 1 25 159526 91.037 1.501 0.004 0.003 90.537
1 221 2 1 26 159526 91.741 1.568 0.004 0.003 91.241
1 222 2 1 27 159526 90.177 1.581 0.004 0.003 89.677
1 223 2 1 28 0 0.000 0.060 16.829 25.626 0.000
1 224 2 1 29 159526 90.676 1.694 0.004 0.003 90.176
1 225 2 1 30 159526 90.663 1.781 0.004 0.003 90.163
1 226 2 1 31 159526 92.245 1.802 0.005 0.003 91.745
1 227 2 1 32 159526 90.977 1.961 0.005 0.003 90.477
1 228 2 1 33 159526 90.325 1.713 0.004 0.003 89.825
1 229 2 1 34 159526 90.026 1.645 0.004 0.003 89.526
1 230 2 1 35 159526 91.263 1.642 0.004 0.003 90.763
1 231 2 1 36 159526 90.207 1.682 0.004 0.003 89.707
1 232 2 1 37 0 0.000 0.060 16.829 25.626 0.000
1 233 2 1 38 0 0.000 0.060 16.829 25.626 0.000
