0 0 0 0 0 87744 83.384 2.028 0.007 0.005 82.884
0 1 0 0 1 87744 82.991 2.170 0.007 0.005 82.491
0 2 0 0 2 87744 80.414 2.249 0.008 0.005 79.914
0 3 0 0 3 87744 78.540 2.200 0.007 0.005 78.040
0 4 0 0 4 87744 83.307 1.795 0.006 0.004 82.807
0 5 0 0 5 87744 77.637 2.276 0.008 0.005 77.137
0 6 0 0 6 87744 178.834 2.356 0.008 0.006 178.334
0 7 0 0 7 87744 79.415 1.894 0.006 0.005 78.915
0 8 0 0 8 0 0.000 0.060 16.829 25.626 0.000
0 9 0 0 9 87744 47.612 1.742 0.006 0.004 47.112
0 10 0 0 10 87744 71.495 2.581 0.009 0.006 70.995
0 11 0 0 11 87744 138.231 1.873 0.006 0.004 137.731
0 12 0 0 12 87744 76.698 2.442 0.008 0.006 76.198
0 13 0 0 13 87744 78.623 2.186 0.007 0.005 78.123
0 14 0 0 14 87744 76.197 2.544 0.009 0.006 75.697
0 15 0 0 15 87744 84.067 2.234 0.008 0.005 83.567
0 16 0 0 16 87744 79.093 2.331 0.008 0.006 78.593
0 17 0 0 17 0 0.000 0.060 16.829 25.626 0.000
0 18 0 0 18 0 0.000 0.060 16.829 25.626 0.000
0 19 0 0 19 0 0.000 0.060 16.829 25.626 0.000
0 20 0 0 20 87744 176.551 1.845 0.006 0.004 176.051
0 21 0 0 21 87744 86.172 2.174 0.007 0.005 85.672
0 22 0 0 22 87744 68.235 1.745 0.006 0.004 67.735
0 23 0 0 23 87744 82.878 2.146 0.007 0.005 82.378
0 24 0 0 24 87744 84.826 1.954 0.007 0.005 84.326
0 25 0 0 25 87744 85.012 1.495 0.005 0.004 84.512
0 26 0 0 26 87744 80.264 2.619 0.009 0.006 79.763
0 27 0 0 27 87744 79.506 2.286 0.008 0.005 79.006
0 28 0 0 28 0 0.000 0.060 16.829 25.626 0.000
0 29 0 0 29 87744 99.988 2.247 0.008 0.005 99.488
0 30 0 0 30 87744 85.585 2.624 0.009 0.006 85.085
0 31 0 0 31 87744 90.869 2.031 0.007 0.005 90.369
0 32 0 0 32 87744 106.182 2.173 0.007 0.005 105.682
0 33 0 0 33 87744 81.277 2.162 0.007 0.005 80.777
0 34 0 0 34 87744 84.768 2.366 0.008 0.006 84.268
0 35 0 0 35 87744 85.216 2.060 0.007 0.005 84.716
0 36 0 0 36 87744 90.191 2.030 0.007 0.005 89.691
0 37 0 0 37 0 0.000 0.060 16.829 25.626 0.000
0 38 0 0 38 0 0.000 0.060 16.829 25.626 0.000
0 39 0 1 0 87744 90.280 1.965 0.007 0.005 89.780
0 40 0 1 1 87744 89.144 1.992 0.007 0.005 88.644
0 41 0 1 2 87744 83.284 2.309 0.008 0.006 82.784
0 42 0 1 3 87744 191.799 2.088 0.007 0.005 191.299
0 43 0 1 4 87744 88.711 2.198 0.007 0.005 88.211
0 44 0 1 5 87744 86.433 2.045 0.007 0.005 85.933
0 45 0 1 6 87744 88.373 2.358 0.008 0.006 87.873
0 46 0 1 7 87744 89.372 2.326 0.008 0.006 88.872
0 47 0 1 8 0 0.000 0.060 16.829 25.626 0.000
0 48 0 1 9 87744 84.445 2.274 0.008 0.005 83.945
0 49 0 1 10 87744 80.524 2.459 0.008 0.006 80.024
0 50 0 1 11 87744 85.869 2.240 0.008 0.005 85.369
0 51 0 1 12 87744 85.790 2.597 0.009 0.006 85.290
0 52 0 1 13 87744 86.409 2.083 0.007 0.005 85.909
0 53 0 1 14 87744 83.315 2.623 0.009 0.006 82.815
0 54 0 1 15 87744 85.208 2.200 0.007 0.005 84.708
0 55 0 1 16 87744 88.295 2.421 0.008 0.006 87.795
0 56 0 1 17 0 0.000 0.060 16.829 25.626 0.000
0 57 0 1 18 0 0.000 0.060 16.829 25.626 0.000
0 58 0 1 19 0 0.000 0.060 16.829 25.626 0.000
0 59 0 1 20 87744 88.723 2.006 0.007 0.005 88.223
0 60 0 1 21 87744 85.181 2.096 0.007 0.005 84.681
0 61 0 1 22 87744 86.866 2.268 0.008 0.005 86.366
0 62 0 1 23 87744 87.813 2.017 0.007 0.005 87.313
0 63 0 1 24 87744 88.722 2.088 0.007 0.005 88.222
0 64 0 1 25 87744 89.976 1.946 0.007 0.005 89.476
0 65 0 1 26 87744 91.549 2.153 0.007 0.005 91.049
0 66 0 1 27 87744 90.265 2.120 0.007 0.005 89.765
0 67 0 1 28 0 0.000 0.060 16.829 25.626 0.000
0 68 0 1 29 87744 90.662 2.082 0.007 0.005 90.162
0 69 0 1 30 87744 92.606 2.528 0.009 0.006 92.106
0 70 0 1 31 87744 84.551 2.222 0.008 0.005 84.051
0 71 0 1 32 87744 93.837 2.419 0.008 0.006 93.337
0 72 0 1 33 87744 86.455 2.209 0.007 0.005 85.955
0 73 0 1 34 87744 88.234 2.064 0.007 0.005 87.734
0 74 0 1 35 87744 95.192 1.871 0.006 0.004 94.692
0 75 0 1 36 87744 95.462 1.949 0.007 0.005 94.962
0 76 0 1 37 0 0.000 0.060 16.829 25.626 0.000
0 77 0 1 38 0 0.000 0.060 16.829 25.626 0.000
0 78 1 0 0 87744 90.166 1.849 0.006 0.004 89.666
0 79 1 0 1 87744 87.220 1.905 0.006 0.005 86.720
0 80 1 0 2 87744 86.181 2.104 0.007 0.005 85.681
0 81 1 0 3 87744 87.296 1.972 0.007 0.005 86.796
0 82 1 0 4 87744 81.940 2.067 0.007 0.005 81.440
0 83 1 0 5 87744 82.360 2.033 0.007 0.005 81.860
0 84 1 0 6 87744 90.216 1.552 0.005 0.004 89.716
0 85 1 0 7 87744 84.702 1.852 0.006 0.004 84.202
0 86 1 0 8 0 0.000 0.060 16.829 25.626 0.000
0 87 1 0 9 87744 172.223 1.705 0.006 0.004 171.723
0 88 1 0 10 87744 83.158 2.315 0.008 0.006 82.658
0 89 1 0 11 87744 82.024 1.686 0.006 0.004 81.524
0 90 1 0 12 87744 85.607 2.151 0.007 0.005 85.107
0 91 1 0 13 87744 85.758 1.961 0.007 0.005 85.258
0 92 1 0 14 87744 84.273 2.229 0.008 0.005 83.773
0 93 1 0 15 87744 86.132 1.992 0.007 0.005 85.632
0 94 1 0 16 87744 82.976 2.376 0.008 0.006 82.476
0 95 1 0 17 0 0.000 0.060 16.829 25.626 0.000
0 96 1 0 18 0 0.000 0.060 16.829 25.626 0.000
0 97 1 0 19 0 0.000 0.060 16.829 25.626 0.000
0 98 1 0 20 87744 69.277 2.448 0.008 0.006 68.698
0 99 1 0 21 87744 86.036 2.079 0.007 0.005 85.536
0 100 1 0 22 87744 87.956 1.965 0.007 0.005 87.456
0 101 1 0 23 87744 83.162 2.070 0.007 0.005 82.662
0 102 1 0 24 87744 85.698 1.912 0.006 0.005 85.198
0 103 1 0 25 87744 86.868 1.534 0.005 0.004 86.368
0 104 1 0 26 87744 84.474 2.490 0.008 0.006 83.974
0 105 1 0 27 87744 82.637 2.365 0.008 0.006 82.137
0 106 1 0 28 0 0.000 0.060 16.829 25.626 0.000
0 107 1 0 29 87744 89.490 2.050 0.007 0.005 88.990
0 108 1 0 30 87744 94.117 2.221 0.007 0.005 93.617
0 109 1 0 31 87744 90.228 1.871 0.006 0.004 89.728
0 110 1 0 32 87744 90.895 1.935 0.007 0.005 90.395
0 111 1 0 33 87744 84.227 2.042 0.007 0.005 83.727
0 112 1 0 34 87744 84.312 2.114 0.007 0.005 83.812
0 113 1 0 35 87744 88.705 2.172 0.007 0.005 88.205
0 114 1 0 36 87744 89.686 2.234 0.008 0.005 89.186
0 115 1 0 37 0 0.000 0.060 16.829 25.626 0.000
0 116 1 0 38 0 0.000 0.060 16.829 25.626 0.000
0 117 1 1 0 87744 85.023 1.782 0.006 0.004 84.523
0 118 1 1 1 87744 87.494 1.849 0.006 0.004 86.994
0 119 1 1 2 87744 83.324 1.996 0.007 0.005 82.824
0 120 1 1 3 87744 80.417 1.901 0.006 0.005 79.917
0 121 1 1 4 87744 82.720 1.942 0.007 0.005 82.220
0 122 1 1 5 87744 87.685 1.002 0.003 0.002 87.185
0 123 1 1 6 87744 80.830 2.063 0.007 0.005 80.330
0 124 1 1 7 87744 82.470 2.082 0.007 0.005 81.970
0 125 1 1 8 0 0.000 0.060 16.829 25.626 0.000
0 126 1 1 9 87744 76.186 2.019 0.007 0.005 75.686
0 127 1 1 10 87744 79.038 2.217 0.007 0.005 78.538
0 128 1 1 11 87744 81.896 1.954 0.007 0.005 81.396
0 129 1 1 12 87744 82.369 2.355 0.008 0.006 81.869
0 130 1 1 13 87744 84.692 1.872 0.006 0.004 84.192
0 131 1 1 14 87744 80.984 2.386 0.008 0.006 80.484
0 132 1 1 15 87744 0.000 0.060 16.829 25.626 512.000
0 133 1 1 16 87744 190.047 2.277 0.008 0.005 189.547
0 134 1 1 17 0 0.000 0.060 16.829 25.626 0.000
0 135 1 1 18 0 0.000 0.060 16.829 25.626 0.000
0 136 1 1 19 0 0.000 0.060 16.829 25.626 0.000
0 137 1 1 20 87744 82.751 2.034 0.007 0.005 82.251
0 138 1 1 21 87744 81.679 2.093 0.007 0.005 81.179
0 139 1 1 22 87744 77.406 2.414 0.008 0.006 76.906
0 140 1 1 23 87744 81.081 2.145 0.007 0.005 80.581
0 141 1 1 24 87744 77.550 2.247 0.008 0.005 77.050
0 142 1 1 25 87744 80.696 1.819 0.006 0.004 80.196
0 143 1 1 26 87744 82.491 2.059 0.007 0.005 81.991
0 144 1 1 27 87744 83.580 2.030 0.007 0.005 83.080
0 145 1 1 28 0 0.000 0.060 16.829 25.626 0.000
0 146 1 1 29 87744 82.696 2.004 0.007 0.005 82.196
0 147 1 1 30 87744 84.731 2.375 0.008 0.006 84.231
0 148 1 1 31 87744 79.009 2.214 0.007 0.005 78.509
0 149 1 1 32 87744 80.795 2.350 0.008 0.006 80.295
0 150 1 1 33 87744 82.132 2.177 0.007 0.005 81.632
0 151 1 1 34 87744 81.611 1.969 0.007 0.005 81.111
0 152 1 1 35 87744 85.078 1.961 0.007 0.005 84.578
0 153 1 1 36 87744 85.002 2.076 0.007 0.005 84.502
0 154 1 1 37 0 0.000 0.060 16.829 25.626 0.000
0 155 1 1 38 0 0.000 0.060 16.829 25.626 0.000
0 156 2 0 0 87744 83.283 1.947 0.007 0.005 82.783
0 157 2 0 1 87744 80.744 1.922 0.006 0.005 80.244
0 158 2 0 2 87744 76.259 2.070 0.007 0.005 75.759
0 159 2 0 3 87744 78.799 2.090 0.007 0.005 78.299
0 160 2 0 4 87744 83.036 1.660 0.006 0.004 82.536
0 161 2 0 5 87744 75.191 2.320 0.008 0.006 74.691
0 162 2 0 6 87744 73.428 2.759 0.009 0.007 72.928
0 163 2 0 7 87744 80.831 1.941 0.007 0.005 80.331
0 164 2 0 8 0 0.000 0.060 16.829 25.626 0.000
0 165 2 0 9 87744 81.454 1.865 0.006 0.004 80.954
0 166 2 0 10 87744 72.985 2.690 0.009 0.006 72.485
0 167 2 0 11 87744 85.504 0.017 0.000 1.201 85.000
0 168 2 0 12 87744 79.532 2.428 0.008 0.006 79.030
0 169 2 0 13 87744 86.278 0.917 0.003 0.002 85.778
0 170 2 0 14 87744 74.334 2.290 0.008 0.005 73.834
0 171 2 0 15 87744 87.467 1.009 0.003 0.002 86.967
0 172 2 0 16 87744 78.529 2.286 0.008 0.005 78.029
0 173 2 0 17 0 0.000 0.060 16.829 25.626 0.000
0 174 2 0 18 0 0.000 0.060 16.829 25.626 0.000
0 175 2 0 19 0 0.000 0.060 16.829 25.626 0.000
0 176 2 0 20 87744 80.504 0.017 0.000 1.201 80.000
0 177 2 0 21 87744 79.352 1.730 0.006 0.004 78.852
0 178 2 0 22 87744 69.504 0.017 0.000 1.201 69.000
0 179 2 0 23 87744 74.981 2.182 0.007 0.005 74.481
0 180 2 0 24 87744 78.419 2.031 0.007 0.005 77.919
0 181 2 0 25 87744 82.680 1.578 0.005 0.004 82.180
0 182 2 0 26 87744 72.149 3.267 0.011 0.008 71.495
0 183 2 0 27 87744 75.424 2.272 0.008 0.005 74.924
0 184 2 0 28 0 0.000 0.060 16.829 25.626 0.000
0 185 2 0 29 87744 81.177 2.074 0.007 0.005 80.677
0 186 2 0 30 87744 79.201 2.475 0.008 0.006 78.701
0 187 2 0 31 87744 86.694 1.936 0.007 0.005 86.194
0 188 2 0 32 87744 84.047 2.023 0.007 0.005 83.547
0 189 2 0 33 87744 69.930 0.914 0.003 0.002 69.430
0 190 2 0 34 87744 80.459 2.131 0.007 0.005 79.959
0 191 2 0 35 87744 187.170 1.904 0.006 0.005 186.670
0 192 2 0 36 87744 85.019 1.998 0.007 0.005 84.519
0 193 2 0 37 0 0.000 0.060 16.829 25.626 0.000
0 194 2 0 38 0 0.000 0.060 16.829 25.626 0.000
0 195 2 1 0 87744 85.906 2.036 0.007 0.005 85.406
0 196 2 1 1 87744 88.977 2.044 0.007 0.005 88.477
0 197 2 1 2 87744 81.472 2.312 0.008 0.006 80.972
0 198 2 1 3 87744 85.717 2.164 0.007 0.005 85.217
0 199 2 1 4 87744 83.786 2.415 0.008 0.006 83.286
0 200 2 1 5 87744 86.518 2.064 0.007 0.005 86.018
0 201 2 1 6 87744 81.720 2.402 0.008 0.006 81.220
0 202 2 1 7 87744 88.155 2.412 0.008 0.006 87.655
0 203 2 1 8 0 0.000 0.060 16.829 25.626 0.000
0 204 2 1 9 87744 78.091 2.235 0.008 0.005 77.591
0 205 2 1 10 87744 84.456 2.716 0.009 0.006 83.956
0 206 2 1 11 87744 80.803 2.220 0.007 0.005 80.303
0 207 2 1 12 87744 79.278 2.845 0.010 0.007 78.778
0 208 2 1 13 87744 82.027 2.124 0.007 0.005 81.527
0 209 2 1 14 87744 192.065 2.980 0.010 0.007 191.565
0 210 2 1 15 87744 82.066 2.281 0.008 0.005 81.566
0 211 2 1 16 87744 80.093 2.740 0.009 0.007 79.593
0 212 2 1 17 0 0.000 0.060 16.829 25.626 0.000
0 213 2 1 18 0 0.000 0.060 16.829 25.626 0.000
0 214 2 1 19 0 0.000 0.060 16.829 25.626 0.000
0 215 2 1 20 87744 81.922 2.072 0.007 0.005 81.422
0 216 2 1 21 87744 81.520 2.064 0.007 0.005 81.020
0 217 2 1 22 87744 77.901 2.266 0.008 0.005 77.401
0 218 2 1 23 87744 81.420 2.005 0.007 0.005 80.920
0 219 2 1 24 87744 82.049 2.146 0.007 0.005 81.549
0 220 2 1 25 87744 81.426 1.889 0.006 0.005 80.926
0 221 2 1 26 87744 78.438 2.292 0.008 0.005 77.938
0 222 2 1 27 87744 86.008 2.142 0.007 0.005 85.508
0 223 2 1 28 0 0.000 0.060 16.829 25.626 0.000
0 224 2 1 29 87744 81.781 2.114 0.007 0.005 81.281
0 225 2 1 30 87744 82.531 2.636 0.009 0.006 82.031
0 226 2 1 31 87744 83.849 2.338 0.008 0.006 83.349
0 227 2 1 32 87744 85.118 2.533 0.009 0.006 84.618
0 228 2 1 33 87744 89.219 2.301 0.008 0.005 88.719
0 229 2 1 34 87744 91.672 2.201 0.007 0.005 91.172
0 230 2 1 35 87744 94.973 0.792 0.002 13.420 94.461
0 231 2 1 36 87744 97.372 2.133 0.007 0.005 96.872
0 232 2 1 37 0 0.000 0.060 16.829 25.626 0.000
0 233 2 1 38 0 0.000 0.060 16.829 25.626 0.000
1 0 0 0 0 87744 94.298 1.636 0.006 0.004 93.798
1 1 0 0 1 87744 94.917 0.830 0.003 0.002 94.417
1 2 0 0 2 87744 94.664 1.633 0.006 0.004 94.164
1 3 0 0 3 87744 93.606 1.733 0.006 0.004 93.106
1 4 0 0 4 87744 93.924 1.385 0.005 0.003 93.424
1 5 0 0 5 87744 96.445 1.852 0.006 0.004 95.945
1 6 0 0 6 87744 93.030 1.848 0.006 0.004 92.530
1 7 0 0 7 87744 93.982 1.527 0.005 0.004 93.482
1 8 0 0 8 0 0.000 0.060 16.829 25.626 0.000
1 9 0 0 9 87744 60.411 1.526 0.005 0.004 59.911
1 10 0 0 10 87744 94.142 1.783 0.006 0.004 93.642
1 11 0 0 11 87744 93.838 1.477 0.005 0.004 93.338
1 12 0 0 12 87744 95.461 1.499 0.005 0.004 94.961
1 13 0 0 13 87744 93.751 1.547 0.005 0.004 93.251
1 14 0 0 14 87744 93.895 1.639 0.006 0.004 93.395
1 15 0 0 15 87744 93.830 1.652 0.006 0.004 93.330
1 16 0 0 16 87744 94.455 1.680 0.006 0.004 93.955
1 17 0 0 17 0 0.000 0.060 16.829 25.626 0.000
1 18 0 0 18 0 0.000 0.060 16.829 25.626 0.000
1 19 0 0 19 0 0.000 0.060 16.829 25.626 0.000
1 20 0 0 20 87744 95.056 1.441 0.005 0.003 94.556
1 21 0 0 21 87744 94.343 1.650 0.006 0.004 93.843
1 22 0 0 22 87744 93.946 1.442 0.005 0.003 93.446
1 23 0 0 23 87744 97.044 1.741 0.006 0.004 96.544
1 24 0 0 24 87744 95.247 1.467 0.005 0.004 94.747
1 25 0 0 25 87744 94.682 1.263 0.004 0.003 94.182
1 26 0 0 26 87744 94.703 1.777 0.006 0.004 94.203
1 27 0 0 27 87744 92.734 1.936 0.007 0.005 92.234
1 28 0 0 28 0 0.000 0.060 16.829 25.626 0.000
1 29 0 0 29 87744 203.483 2.055 0.007 0.005 202.983
1 30 0 0 30 87744 94.051 1.710 0.006 0.004 93.551
1 31 0 0 31 87744 93.622 1.671 0.006 0.004 93.122
1 32 0 0 32 87744 93.928 2.255 0.008 0.005 93.428
1 33 0 0 33 87744 93.292 1.793 0.006 0.004 92.792
1 34 0 0 34 87744 94.046 1.856 0.006 0.004 93.546
1 35 0 0 35 87744 94.546 1.670 0.006 0.004 94.046
1 36 0 0 36 87744 93.149 1.756 0.006 0.004 92.649
1 37 0 0 37 0 0.000 0.060 16.829 25.626 0.000
1 38 0 0 38 0 0.000 0.060 16.829 25.626 0.000
1 39 0 1 0 87744 85.893 1.687 0.006 0.004 85.393
1 40 0 1 1 87744 85.116 1.758 0.006 0.004 84.616
1 41 0 1 2 87744 89.260 1.808 0.006 0.004 88.760
1 42 0 1 3 87744 84.904 1.755 0.006 0.004 84.404
1 43 0 1 4 87744 86.637 1.675 0.006 0.004 86.137
1 44 0 1 5 87744 87.764 1.721 0.006 0.004 87.264
1 45 0 1 6 87744 87.864 1.690 0.006 0.004 87.364
1 46 0 1 7 87744 86.348 1.739 0.006 0.004 85.848
1 47 0 1 8 0 0.000 0.060 16.829 25.626 0.000
1 48 0 1 9 87744 85.043 1.727 0.006 0.004 84.543
1 49 0 1 10 87744 86.959 1.714 0.006 0.004 86.459
1 50 0 1 11 87744 86.826 1.695 0.006 0.004 86.326
1 51 0 1 12 87744 85.615 1.727 0.006 0.004 85.115
1 52 0 1 13 87744 86.715 1.718 0.006 0.004 86.215
1 53 0 1 14 87744 86.256 1.738 0.006 0.004 85.756
1 54 0 1 15 87744 89.156 1.681 0.006 0.004 88.656
1 55 0 1 16 87744 89.202 1.748 0.006 0.004 88.702
1 56 0 1 17 0 0.000 0.060 16.829 25.626 0.000
1 57 0 1 18 0 0.000 0.060 16.829 25.626 0.000
1 58 0 1 19 0 0.000 0.060 16.829 25.626 0.000
1 59 0 1 20 87744 84.302 1.547 0.005 0.004 83.802
1 60 0 1 21 87744 86.878 1.702 0.006 0.004 86.378
1 61 0 1 22 87744 87.835 1.761 0.006 0.004 87.335
1 62 0 1 23 87744 87.086 1.769 0.006 0.004 86.586
1 63 0 1 24 87744 85.951 1.644 0.006 0.004 85.451
1 64 0 1 25 87744 83.193 1.617 0.005 0.004 82.693
1 65 0 1 26 87744 87.233 1.674 0.006 0.004 86.733
1 66 0 1 27 87744 87.090 1.724 0.006 0.004 86.590
1 67 0 1 28 0 0.000 0.060 16.829 25.626 0.000
1 68 0 1 29 87744 86.169 1.775 0.006 0.004 85.669
1 69 0 1 30 87744 89.447 1.861 0.006 0.004 88.947
1 70 0 1 31 87744 88.392 1.969 0.007 0.005 87.892
1 71 0 1 32 87744 86.553 2.034 0.007 0.005 86.053
1 72 0 1 33 87744 89.399 1.900 0.006 0.005 88.899
1 73 0 1 34 87744 86.755 1.791 0.006 0.004 86.255
1 74 0 1 35 87744 81.630 1.736 0.006 0.004 81.130
1 75 0 1 36 87744 198.117 1.891 0.006 0.005 197.617
1 76 0 1 37 0 0.000 0.060 16.829 25.626 0.000
1 77 0 1 38 0 0.000 0.060 16.829 25.626 0.000
1 78 1 0 0 87744 91.852 1.852 0.006 0.004 91.352
1 79 1 0 1 87744 94.197 1.794 0.006 0.004 93.697
1 80 1 0 2 87744 95.221 1.695 0.006 0.004 94.721
1 81 1 0 3 87744 96.005 1.689 0.006 0.004 95.505
1 82 1 0 4 87744 93.461 1.846 0.006 0.004 92.961
1 83 1 0 5 87744 208.083 1.859 0.006 0.004 207.583
1 84 1 0 6 87744 95.461 1.412 0.005 0.003 94.961
1 85 1 0 7 87744 94.715 1.563 0.005 0.004 94.215
1 86 1 0 8 0 0.000 0.060 16.829 25.626 0.000
1 87 1 0 9 87744 95.934 1.494 0.005 0.004 95.434
1 88 1 0 10 87744 95.428 1.820 0.006 0.004 94.928
1 89 1 0 11 87744 93.324 1.791 0.006 0.004 92.824
1 90 1 0 12 87744 94.208 1.604 0.005 0.004 93.708
1 91 1 0 13 87744 94.869 1.628 0.005 0.004 94.369
1 92 1 0 14 87744 94.179 1.671 0.006 0.004 93.679
1 93 1 0 15 87744 97.225 2.476 0.008 0.006 96.725
1 94 1 0 16 87744 95.170 1.784 0.006 0.004 94.670
1 95 1 0 17 0 0.000 0.060 16.829 25.626 0.000
1 96 1 0 18 0 0.000 0.060 16.829 25.626 0.000
1 97 1 0 19 0 0.000 0.060 16.829 25.626 0.000
1 98 1 0 20 87744 72.280 1.850 0.006 0.004 71.780
1 99 1 0 21 87744 195.856 1.918 0.006 0.005 195.356
1 100 1 0 22 87744 88.647 1.862 0.006 0.004 88.147
1 101 1 0 23 87744 97.117 1.862 0.006 0.004 96.617
1 102 1 0 24 87744 94.789 1.530 0.005 0.004 94.289
1 103 1 0 25 87744 94.709 1.361 0.005 0.003 94.209
1 104 1 0 26 87744 94.433 1.972 0.007 0.005 93.933
1 105 1 0 27 87744 94.980 2.060 0.007 0.005 94.480
1 106 1 0 28 0 0.000 0.060 16.829 25.626 0.000
1 107 1 0 29 87744 96.146 1.748 0.006 0.004 95.646
1 108 1 0 30 87744 97.047 1.990 0.007 0.005 96.547
1 109 1 0 31 87744 92.916 1.763 0.006 0.004 92.416
1 110 1 0 32 87744 97.767 1.770 0.006 0.004 97.267
1 111 1 0 33 87744 96.532 1.792 0.006 0.004 96.032
1 112 1 0 34 87744 101.201 1.240 0.004 0.003 100.701
1 113 1 0 35 87744 91.987 2.042 0.007 0.005 91.487
1 114 1 0 36 87744 99.151 2.652 0.009 0.006 98.651
1 115 1 0 37 0 0.000 0.060 16.829 25.626 0.000
1 116 1 0 38 0 0.000 0.060 16.829 25.626 0.000
1 117 1 1 0 87744 93.849 1.560 0.005 0.004 93.349
1 118 1 1 1 87744 92.814 1.691 0.006 0.004 92.314
1 119 1 1 2 87744 92.825 1.672 0.006 0.004 92.325
1 120 1 1 3 87744 91.837 1.791 0.006 0.004 91.337
1 121 1 1 4 87744 92.921 1.711 0.006 0.004 92.421
1 122 1 1 5 87744 92.752 1.664 0.006 0.004 92.252
1 123 1 1 6 87744 92.310 1.662 0.006 0.004 91.810
1 124 1 1 7 87744 92.590 1.710 0.006 0.004 92.090
1 125 1 1 8 0 0.000 0.060 16.829 25.626 0.000
1 126 1 1 9 87744 92.519 1.695 0.006 0.004 92.019
1 127 1 1 10 87744 192.911 1.634 0.006 0.004 192.411
1 128 1 1 11 87744 94.149 1.613 0.005 0.004 93.649
1 129 1 1 12 87744 94.089 1.652 0.006 0.004 93.589
1 130 1 1 13 87744 93.873 1.592 0.005 0.004 93.373
1 131 1 1 14 87744 92.525 1.769 0.006 0.004 92.025
1 132 1 1 15 87744 94.878 1.596 0.005 0.004 94.378
1 133 1 1 16 87744 93.709 1.741 0.006 0.004 93.209
1 134 1 1 17 0 0.000 0.060 16.829 25.626 0.000
1 135 1 1 18 0 0.000 0.060 16.829 25.626 0.000
1 136 1 1 19 0 0.000 0.060 16.829 25.626 0.000
1 137 1 1 20 87744 92.471 1.611 0.005 0.004 91.971
1 138 1 1 21 87744 92.596 1.764 0.006 0.004 92.096
1 139 1 1 22 87744 93.618 1.802 0.006 0.004 93.118
1 140 1 1 23 87744 92.648 1.876 0.006 0.004 92.148
1 141 1 1 24 87744 94.381 1.628 0.005 0.004 93.881
1 142 1 1 25 87744 93.202 1.639 0.006 0.004 92.702
1 143 1 1 26 87744 93.646 1.680 0.006 0.004 93.146
1 144 1 1 27 87744 91.348 1.773 0.006 0.004 90.848
1 145 1 1 28 0 0.000 0.060 16.829 25.626 0.000
1 146 1 1 29 87744 93.843 1.809 0.006 0.004 93.343
1 147 1 1 30 87744 0.000 0.060 16.829 25.626 1.000
1 148 1 1 31 87744 96.524 2.149 0.007 0.005 96.024
1 149 1 1 32 87744 91.472 2.152 0.007 0.005 90.972
1 150 1 1 33 87744 92.244 2.291 0.008 0.005 91.744
1 151 1 1 34 87744 90.356 1.919 0.006 0.005 89.856
1 152 1 1 35 87744 99.907 1.013 0.003 0.002 99.407
1 153 1 1 36 87744 93.579 2.456 0.008 0.006 93.079
1 154 1 1 37 0 0.000 0.060 16.829 25.626 0.000
1 155 1 1 38 0 0.000 0.060 16.829 25.626 0.000
1 156 2 0 0 87744 202.104 1.636 0.006 0.004 201.604
1 157 2 0 1 87744 91.030 1.755 0.006 0.004 90.530
1 158 2 0 2 87744 90.270 1.613 0.005 0.004 89.770
1 159 2 0 3 87744 92.119 1.820 0.006 0.004 91.619
1 160 2 0 4 87744 89.939 1.415 0.005 0.003 89.439
1 161 2 0 5 87744 91.695 1.941 0.007 0.005 91.195
1 162 2 0 6 87744 90.624 1.998 0.007 0.005 90.124
1 163 2 0 7 87744 91.982 1.721 0.006 0.004 91.482
1 164 2 0 8 0 0.000 0.060 16.829 25.626 0.000
1 165 2 0 9 87744 87.323 1.739 0.006 0.004 86.823
1 166 2 0 10 87744 92.788 1.749 0.006 0.004 92.288
1 167 2 0 11 87744 63.640 1.867 0.006 0.004 63.140
1 168 2 0 12 87744 92.111 1.596 0.005 0.004 91.611
1 169 2 0 13 87744 91.630 1.621 0.005 0.004 91.130
1 170 2 0 14 87744 91.592 1.614 0.005 0.004 91.092
1 171 2 0 15 87744 183.504 0.014 0.000 0.926 183.000
1 172 2 0 16 87744 86.492 1.707 0.006 0.004 85.992
1 173 2 0 17 0 0.000 0.060 16.829 25.626 0.000
1 174 2 0 18 0 0.000 0.060 16.829 25.626 0.000
1 175 2 0 19 0 0.000 0.060 16.829 25.626 0.000
1 176 2 0 20 87744 92.821 0.988 0.003 0.002 92.321
1 177 2 0 21 87744 94.173 0.984 0.003 0.002 93.673
1 178 2 0 22 87744 92.228 1.573 0.005 0.004 91.728
1 179 2 0 23 87744 91.092 1.903 0.006 0.005 90.592
1 180 2 0 24 87744 91.613 1.640 0.006 0.004 91.113
1 181 2 0 25 87744 91.686 1.434 0.005 0.003 91.186
1 182 2 0 26 87744 92.975 1.807 0.006 0.004 92.475
1 183 2 0 27 87744 91.537 1.952 0.007 0.005 91.037
1 184 2 0 28 0 0.000 0.060 16.829 25.626 0.000
1 185 2 0 29 87744 93.523 1.612 0.005 0.004 93.023
1 186 2 0 30 87744 93.878 1.697 0.006 0.004 93.378
1 187 2 0 31 87744 91.568 1.687 0.006 0.004 91.068
1 188 2 0 32 87744 91.751 1.703 0.006 0.004 91.251
1 189 2 0 33 87744 90.641 1.747 0.006 0.004 90.141
1 190 2 0 34 87744 91.543 1.782 0.006 0.004 91.043
1 191 2 0 35 87744 91.798 1.748 0.006 0.004 91.298
1 192 2 0 36 87744 90.807 1.692 0.006 0.004 90.307
1 193 2 0 37 0 0.000 0.060 16.829 25.626 0.000
1 194 2 0 38 0 0.000 0.060 16.829 25.626 0.000
1 195 2 1 0 87744 91.861 1.600 0.005 0.004 91.361
1 196 2 1 1 87744 90.961 1.595 0.005 0.004 90.461
1 197 2 1 2 87744 92.220 1.626 0.005 0.004 91.720
1 198 2 1 3 87744 91.280 1.577 0.005 0.004 90.780
1 199 2 1 4 87744 90.980 1.579 0.005 0.004 90.480
1 200 2 1 5 87744 91.957 1.584 0.005 0.004 91.457
1 201 2 1 6 87744 92.479 1.626 0.005 0.004 91.979
1 202 2 1 7 87744 90.522 1.546 0.005 0.004 90.022
1 203 2 1 8 0 0.000 0.060 16.829 25.626 0.000
1 204 2 1 9 87744 90.970 1.535 0.005 0.004 90.470
1 205 2 1 10 87744 92.923 1.658 0.006 0.004 92.423
1 206 2 1 11 87744 89.689 1.606 0.005 0.004 89.189
1 207 2 1 12 87744 91.693 1.687 0.006 0.004 91.193
1 208 2 1 13 87744 92.179 1.587 0.005 0.004 91.679
1 209 2 1 14 87744 91.642 1.691 0.006 0.004 91.142
1 210 2 1 15 87744 87.591 1.623 0.005 0.004 87.091
1 211 2 1 16 87744 91.589 1.676 0.006 0.004 91.089
1 212 2 1 17 0 0.000 0.060 16.829 25.626 0.000
1 213 2 1 18 0 0.000 0.060 16.829 25.626 0.000
1 214 2 1 19 0 0.000 0.060 16.829 25.626 0.000
1 215 2 1 20 87744 91.782 1.545 0.005 0.004 91.282
1 216 2 1 21 87744 91.346 1.662 0.006 0.004 90.846
1 217 2 1 22 87744 90.533 1.674 0.006 0.004 90.033
1 218 2 1 23 87744 200.187 1.641 0.006 0.004 199.687
1 219 2 1 24 87744 91.439 1.567 0.005 0.004 90.939
1 220 2 1 25 87744 91.261 1.519 0.005 0.004 90.761
1 221 2 1 26 87744 91.993 1.571 0.005 0.004 91.493
1 222 2 1 27 87744 90.535 1.590 0.005 0.004 90.035
1 223 2 1 28 0 0.000 0.060 16.829 25.626 0.000
1 224 2 1 29 87744 90.576 1.694 0.006 0.004 90.076
1 225 2 1 30 87744 90.928 1.791 0.006 0.004 90.428
1 226 2 1 31 87744 92.410 1.797 0.006 0.004 91.910
1 227 2 1 32 87744 90.965 1.958 0.007 0.005 90.465
1 228 2 1 33 87744 90.657 1.719 0.006 0.004 90.157
1 229 2 1 34 87744 90.368 1.655 0.006 0.004 89.868
1 230 2 1 35 87744 91.588 1.651 0.006 0.004 91.088
1 231 2 1 36 87744 91.014 1.704 0.006 0.004 90.514
1 232 2 1 37 0 0.000 0.060 16.829 25.626 0.000
1 233 2 1 38 0 0.000 0.060 16.829 25.626 0.000
