0 0 0 0 0 119881 84.370 2.883 0.000 54.889 83.161
0 1 0 0 1 119881 83.368 2.264 0.007 0.005 82.869
0 2 0 0 2 119881 80.542 3.529 0.010 0.011 79.984
0 3 0 0 3 119881 79.721 3.478 0.010 0.000 78.231
0 4 0 0 4 119881 83.648 1.844 0.005 0.004 83.148
0 5 0 0 5 119881 78.920 3.078 0.002 89.207 77.591
0 6 0 0 6 119881 178.892 2.392 0.007 0.005 178.398
0 7 0 0 7 119881 80.838 3.476 0.010 0.000 79.181
0 8 0 0 8 0 0.000 0.060 16.829 25.626 0.000
0 9 0 0 9 119881 48.122 4.406 0.024 90.552 47.436
0 10 0 0 10 119881 71.753 3.159 0.009 0.000 71.256
0 11 0 0 11 119881 138.197 2.005 0.006 0.004 137.635
0 12 0 0 12 119881 76.622 2.516 0.007 0.005 76.122
0 13 0 0 13 119881 79.552 3.475 0.006 0.000 78.285
0 14 0 0 14 119881 76.726 3.107 0.009 0.000 76.018
0 15 0 0 15 119881 84.992 3.154 0.002 91.732 83.644
0 16 0 0 16 119881 80.307 3.408 0.037 0.010 78.884
0 17 0 0 17 0 0.000 0.060 16.829 25.626 0.000
0 18 0 0 18 0 0.000 0.060 16.829 25.626 0.000
0 19 0 0 19 0 0.000 0.060 16.829 25.626 0.000
0 20 0 0 20 119881 176.540 1.869 0.005 0.004 176.042
0 21 0 0 21 119881 87.279 2.837 0.008 0.000 86.072
0 22 0 0 22 119881 68.484 1.791 0.005 0.004 67.984
0 23 0 0 23 119881 83.156 2.208 0.006 0.005 82.657
0 24 0 0 24 119881 85.069 2.014 0.006 0.004 84.570
0 25 0 0 25 119881 85.149 1.515 0.004 0.003 84.649
0 26 0 0 26 119881 80.430 2.684 0.008 0.005 79.930
0 27 0 0 27 119881 80.155 2.629 0.008 0.006 79.416
0 28 0 0 28 0 0.000 0.060 16.829 25.626 0.000
0 29 0 0 29 119881 100.013 2.685 0.008 0.000 99.519
0 30 0 0 30 119881 85.649 3.395 0.000 0.000 85.146
0 31 0 0 31 119881 91.553 2.384 0.007 0.000 90.787
0 32 0 0 32 119881 106.327 2.300 0.007 0.005 105.834
0 33 0 0 33 119881 82.266 3.015 0.000 0.000 81.145
0 34 0 0 34 119881 85.278 3.170 0.009 0.000 84.764
0 35 0 0 35 119881 85.639 2.100 0.006 0.004 85.141
0 36 0 0 36 119881 91.595 2.747 0.008 0.000 90.447
0 37 0 0 37 0 0.000 0.060 16.829 25.626 0.000
0 38 0 0 38 0 0.000 0.060 16.829 25.626 0.000
0 39 0 1 0 119881 90.701 3.379 0.010 0.011 89.834
0 40 0 1 1 119881 89.716 3.369 0.011 0.010 88.622
0 41 0 1 2 119881 83.951 3.517 0.010 0.000 82.825
0 42 0 1 3 119881 191.644 2.144 0.006 0.004 191.233
0 43 0 1 4 119881 88.931 2.742 0.008 0.010 88.127
0 44 0 1 5 119881 86.423 3.401 0.000 0.010 85.825
0 45 0 1 6 119881 88.576 3.270 0.006 63.004 87.606
0 46 0 1 7 119881 89.655 3.036 0.009 0.000 88.853
0 47 0 1 8 0 0.000 0.060 16.829 25.626 0.000
0 48 0 1 9 119881 84.821 3.472 0.010 0.000 84.081
0 49 0 1 10 119881 80.575 3.575 0.010 0.009 80.057
0 50 0 1 11 119881 85.864 3.344 0.010 0.014 85.432
0 51 0 1 12 119881 85.840 3.416 0.010 0.000 85.436
0 52 0 1 13 119881 86.313 3.432 0.010 0.001 85.841
0 53 0 1 14 119881 83.301 3.515 0.012 88.413 82.661
0 54 0 1 15 119881 85.710 3.478 0.006 13.436 84.735
0 55 0 1 16 119881 88.165 3.048 0.001 6.927 87.654
0 56 0 1 17 0 0.000 0.060 16.829 25.626 0.000
0 57 0 1 18 0 0.000 0.060 16.829 25.626 0.000
0 58 0 1 19 0 0.000 0.060 16.829 25.626 0.000
0 59 0 1 20 119881 88.295 2.963 0.009 0.000 87.776
0 60 0 1 21 119881 85.163 3.361 0.014 0.016 84.505
0 61 0 1 22 119881 86.866 3.210 0.009 0.000 86.326
0 62 0 1 23 119881 88.251 2.887 0.002 74.198 86.978
0 63 0 1 24 119881 89.362 2.990 0.009 0.000 88.016
0 64 0 1 25 119881 90.848 3.289 0.004 53.484 89.276
0 65 0 1 26 119881 91.469 2.872 0.008 0.008 90.829
0 66 0 1 27 119881 90.112 2.266 0.007 0.000 89.574
0 67 0 1 28 0 0.000 0.060 16.829 25.626 0.000
0 68 0 1 29 119881 90.554 2.157 0.006 0.004 90.054
0 69 0 1 30 119881 92.242 2.603 0.008 0.005 91.743
0 70 0 1 31 119881 84.617 2.881 0.008 0.000 84.073
0 71 0 1 32 119881 93.815 2.639 0.008 0.006 93.201
0 72 0 1 33 119881 86.910 2.278 0.007 0.005 86.410
0 73 0 1 34 119881 88.910 3.026 0.002 77.223 87.583
0 74 0 1 35 119881 95.207 3.098 0.020 0.029 94.701
0 75 0 1 36 119881 95.178 1.993 0.006 0.004 94.678
0 76 0 1 37 0 0.000 0.060 16.829 25.626 0.000
0 77 0 1 38 0 0.000 0.060 16.829 25.626 0.000
0 78 1 0 0 119881 91.090 2.812 0.008 0.000 89.914
0 79 1 0 1 119881 88.688 3.370 0.010 0.000 87.115
0 80 1 0 2 119881 87.528 3.220 0.009 0.000 86.232
0 81 1 0 3 119881 88.574 2.908 0.008 0.000 87.221
0 82 1 0 4 119881 82.839 2.663 0.000 0.007 81.776
0 83 1 0 5 119881 83.581 3.345 0.000 0.000 82.063
0 84 1 0 6 119881 91.857 2.974 0.009 0.000 90.026
0 85 1 0 7 119881 85.978 2.763 0.000 0.008 84.709
0 86 1 0 8 0 0.000 0.060 16.829 25.626 0.000
0 87 1 0 9 119881 172.373 1.744 0.005 0.004 171.874
0 88 1 0 10 119881 83.657 2.665 0.008 0.006 83.020
0 89 1 0 11 119881 82.720 2.331 0.007 0.007 82.023
0 90 1 0 12 119881 85.918 2.234 0.006 0.005 85.418
0 91 1 0 13 119881 86.977 2.789 0.008 0.000 85.742
0 92 1 0 14 119881 85.077 2.921 0.077 68.176 84.352
0 93 1 0 15 119881 87.566 3.219 0.009 0.000 86.212
0 94 1 0 16 119881 84.452 3.377 0.005 57.855 83.293
0 95 1 0 17 0 0.000 0.060 16.829 25.626 0.000
0 96 1 0 18 0 0.000 0.060 16.829 25.626 0.000
0 97 1 0 19 0 0.000 0.060 16.829 25.626 0.000
0 98 1 0 20 119881 69.826 2.493 0.007 0.005 69.236
0 99 1 0 21 119881 87.398 3.272 0.012 0.014 85.970
0 100 1 0 22 119881 88.543 2.018 0.006 0.004 88.043
0 101 1 0 23 119881 84.011 2.530 0.007 0.000 83.079
0 102 1 0 24 119881 87.438 3.322 0.017 0.022 85.871
0 103 1 0 25 119881 87.364 1.563 0.005 0.003 86.864
0 104 1 0 26 119881 85.557 3.059 0.009 0.000 84.547
0 105 1 0 27 119881 82.961 2.556 0.007 0.000 82.449
0 106 1 0 28 0 0.000 0.060 16.829 25.626 0.000
0 107 1 0 29 119881 89.932 2.148 0.006 0.004 89.433
0 108 1 0 30 119881 95.626 3.165 0.009 0.000 94.115
0 109 1 0 31 119881 91.966 3.205 0.000 0.000 90.419
0 110 1 0 32 119881 92.239 3.199 0.032 0.035 90.805
0 111 1 0 33 119881 84.796 2.612 0.000 0.000 84.105
0 112 1 0 34 119881 84.555 2.515 0.007 0.000 84.056
0 113 1 0 35 119881 89.000 2.237 0.006 0.005 88.500
0 114 1 0 36 119881 90.284 2.809 0.008 0.000 89.788
0 115 1 0 37 0 0.000 0.060 16.829 25.626 0.000
0 116 1 0 38 0 0.000 0.060 16.829 25.626 0.000
0 117 1 1 0 119881 85.907 3.469 0.010 0.001 84.850
0 118 1 1 1 119881 87.994 3.420 0.010 0.001 87.535
0 119 1 1 2 119881 83.434 3.508 0.010 0.000 82.951
0 120 1 1 3 119881 81.116 3.512 0.000 0.012 80.110
0 121 1 1 4 119881 83.567 3.345 0.010 0.000 82.491
0 122 1 1 5 119881 88.022 1.070 0.003 0.002 87.522
0 123 1 1 6 119881 81.580 3.583 0.005 10.277 80.551
0 124 1 1 7 119881 82.878 3.368 0.010 0.000 82.409
0 125 1 1 8 0 0.000 0.060 16.829 25.626 0.000
0 126 1 1 9 119881 76.558 3.609 0.009 57.302 76.123
0 127 1 1 10 119881 80.203 3.513 0.010 0.000 78.983
0 128 1 1 11 119881 83.027 3.463 0.000 0.000 81.979
0 129 1 1 12 119881 83.009 3.541 0.000 0.000 82.349
0 130 1 1 13 119881 85.576 3.399 0.011 0.011 84.358
0 131 1 1 14 119881 81.774 3.573 0.000 0.009 81.009
0 132 1 1 15 119881 0.000 0.060 16.829 25.626 512.000
0 133 1 1 16 119881 190.168 2.400 0.007 0.005 189.727
0 134 1 1 17 0 0.000 0.060 16.829 25.626 0.000
0 135 1 1 18 0 0.000 0.060 16.829 25.626 0.000
0 136 1 1 19 0 0.000 0.060 16.829 25.626 0.000
0 137 1 1 20 119881 82.811 3.235 0.009 0.000 82.270
0 138 1 1 21 119881 82.824 3.186 0.009 0.000 81.541
0 139 1 1 22 119881 78.123 3.023 0.008 53.808 77.217
0 140 1 1 23 119881 82.361 3.224 0.004 9.904 81.094
0 141 1 1 24 119881 78.674 3.296 0.010 0.000 77.494
0 142 1 1 25 119881 80.983 3.178 0.009 0.000 80.455
0 143 1 1 26 119881 83.103 3.201 0.000 0.009 82.129
0 144 1 1 27 119881 84.547 3.063 0.004 54.852 83.279
0 145 1 1 28 0 0.000 0.060 16.829 25.626 0.000
0 146 1 1 29 119881 82.978 2.299 0.006 59.405 82.477
0 147 1 1 30 119881 85.676 3.032 0.009 0.000 84.630
0 148 1 1 31 119881 79.484 2.318 0.007 0.005 78.984
0 149 1 1 32 119881 81.243 2.471 0.007 0.005 80.743
0 150 1 1 33 119881 82.302 2.446 0.018 50.498 81.787
0 151 1 1 34 119881 82.244 3.093 0.000 0.010 81.258
0 152 1 1 35 119881 85.526 3.485 0.011 0.016 84.746
0 153 1 1 36 119881 85.246 2.169 0.006 0.004 84.746
0 154 1 1 37 0 0.000 0.060 16.829 25.626 0.000
0 155 1 1 38 0 0.000 0.060 16.829 25.626 0.000
0 156 2 0 0 119881 83.247 2.267 0.007 0.007 82.889
0 157 2 0 1 119881 80.788 2.011 0.006 0.004 80.288
0 158 2 0 2 119881 76.982 3.027 0.009 0.000 75.545
0 159 2 0 3 119881 79.181 2.606 0.008 0.000 78.223
0 160 2 0 4 119881 82.518 1.763 0.005 0.004 82.019
0 161 2 0 5 119881 74.727 2.640 0.000 0.006 74.196
0 162 2 0 6 119881 73.000 2.889 0.008 0.006 72.502
0 163 2 0 7 119881 80.446 2.129 0.006 0.005 79.947
0 164 2 0 8 0 0.000 0.060 16.829 25.626 0.000
0 165 2 0 9 119881 81.944 2.376 0.007 0.000 80.783
0 166 2 0 10 119881 72.360 2.826 0.008 0.006 71.860
0 167 2 0 11 119881 85.500 0.001 0.000 0.279 85.000
0 168 2 0 12 119881 79.106 2.760 0.008 0.000 78.586
0 169 2 0 13 119881 86.072 0.901 0.003 0.002 85.572
0 170 2 0 14 119881 74.961 3.755 0.011 0.000 73.506
0 171 2 0 15 119881 87.475 1.008 0.003 0.002 86.975
0 172 2 0 16 119881 79.004 3.334 0.000 0.002 77.723
0 173 2 0 17 0 0.000 0.060 16.829 25.626 0.000
0 174 2 0 18 0 0.000 0.060 16.829 25.626 0.000
0 175 2 0 19 0 0.000 0.060 16.829 25.626 0.000
0 176 2 0 20 119881 80.500 0.001 0.000 0.279 80.000
0 177 2 0 21 119881 80.113 2.967 0.000 0.000 78.647
0 178 2 0 22 119881 69.500 0.001 0.000 0.279 69.000
0 179 2 0 23 119881 74.854 3.524 0.004 10.600 74.080
0 180 2 0 24 119881 78.164 2.069 0.006 0.004 77.664
0 181 2 0 25 119881 82.705 1.605 0.005 0.003 82.205
0 182 2 0 26 119881 71.750 3.323 0.010 0.007 71.095
0 183 2 0 27 119881 75.188 2.318 0.007 0.005 74.691
0 184 2 0 28 0 0.000 0.060 16.829 25.626 0.000
0 185 2 0 29 119881 80.909 2.128 0.006 0.004 80.409
0 186 2 0 30 119881 79.543 3.320 0.000 0.009 78.393
0 187 2 0 31 119881 86.655 2.148 0.006 0.000 85.905
0 188 2 0 32 119881 84.272 3.275 0.000 0.000 82.991
0 189 2 0 33 119881 69.863 0.914 0.003 0.002 69.363
0 190 2 0 34 119881 80.076 2.212 0.006 0.005 79.577
0 191 2 0 35 119881 187.109 1.919 0.006 0.004 186.612
0 192 2 0 36 119881 85.377 2.805 0.000 0.000 84.249
0 193 2 0 37 0 0.000 0.060 16.829 25.626 0.000
0 194 2 0 38 0 0.000 0.060 16.829 25.626 0.000
0 195 2 1 0 119881 86.618 3.452 0.129 0.038 85.249
0 196 2 1 1 119881 88.977 3.337 0.013 89.171 88.395
0 197 2 1 2 119881 81.671 3.343 0.010 0.000 81.000
0 198 2 1 3 119881 86.309 3.196 0.000 0.008 85.510
0 199 2 1 4 119881 83.518 3.275 0.020 56.380 82.997
0 200 2 1 5 119881 86.995 3.334 0.000 0.000 86.055
0 201 2 1 6 119881 82.248 3.565 0.007 65.440 81.361
0 202 2 1 7 119881 88.490 3.347 0.010 0.000 87.755
0 203 2 1 8 0 0.000 0.060 16.829 25.626 0.000
0 204 2 1 9 119881 78.729 3.652 0.006 0.000 77.981
0 205 2 1 10 119881 84.564 3.502 0.010 0.008 83.981
0 206 2 1 11 119881 81.393 3.276 0.005 71.777 80.542
0 207 2 1 12 119881 79.242 3.639 0.000 0.000 78.813
0 208 2 1 13 119881 82.590 3.526 0.010 0.000 81.639
0 209 2 1 14 119881 191.935 3.133 0.009 0.006 191.534
0 210 2 1 15 119881 82.261 3.508 0.000 0.008 81.680
0 211 2 1 16 119881 79.756 3.501 0.010 0.000 79.187
0 212 2 1 17 0 0.000 0.060 16.829 25.626 0.000
0 213 2 1 18 0 0.000 0.060 16.829 25.626 0.000
0 214 2 1 19 0 0.000 0.060 16.829 25.626 0.000
0 215 2 1 20 119881 82.488 3.555 0.000 0.000 81.508
0 216 2 1 21 119881 82.364 3.536 0.010 0.000 81.054
0 217 2 1 22 119881 77.755 2.614 0.008 0.006 77.257
0 218 2 1 23 119881 82.231 3.149 0.009 0.000 80.897
0 219 2 1 24 119881 82.570 3.293 0.000 0.000 81.359
0 220 2 1 25 119881 82.346 3.492 0.014 0.021 80.965
0 221 2 1 26 119881 79.039 3.517 0.003 78.081 77.892
0 222 2 1 27 119881 85.874 2.378 0.007 0.005 85.386
0 223 2 1 28 0 0.000 0.060 16.829 25.626 0.000
0 224 2 1 29 119881 81.655 2.222 0.006 0.005 81.158
0 225 2 1 30 119881 82.518 3.453 0.010 0.009 81.895
0 226 2 1 31 119881 84.343 2.962 0.009 0.008 83.424
0 227 2 1 32 119881 85.114 2.725 0.008 0.006 84.614
0 228 2 1 33 119881 89.042 2.432 0.007 0.005 88.547
0 229 2 1 34 119881 91.647 3.060 0.036 0.036 91.106
0 230 2 1 35 119881 95.002 0.763 0.002 0.002 94.502
0 231 2 1 36 119881 97.448 2.248 0.006 0.005 96.948
0 232 2 1 37 0 0.000 0.060 16.829 25.626 0.000
0 233 2 1 38 0 0.000 0.060 16.829 25.626 0.000
1 0 0 0 0 119881 94.110 2.579 0.007 0.000 93.616
1 1 0 0 1 119881 94.937 0.833 0.002 0.002 94.437
1 2 0 0 2 119881 95.800 3.141 0.151 0.221 94.207
1 3 0 0 3 119881 94.246 2.366 0.007 0.000 93.258
1 4 0 0 4 119881 94.039 1.467 0.029 84.128 93.539
1 5 0 0 5 119881 96.490 1.910 0.006 0.004 95.990
1 6 0 0 6 119881 93.316 2.497 0.003 0.001 92.818
1 7 0 0 7 119881 93.893 1.585 0.005 0.003 93.393
1 8 0 0 8 0 0.000 0.060 16.829 25.626 0.000
1 9 0 0 9 119881 61.391 3.141 0.009 0.000 60.106
1 10 0 0 10 119881 94.178 1.880 0.005 0.004 93.678
1 11 0 0 11 119881 95.509 2.683 0.121 0.121 93.611
1 12 0 0 12 119881 96.794 3.157 0.009 0.000 94.902
1 13 0 0 13 119881 94.761 2.801 0.008 0.000 93.338
1 14 0 0 14 119881 94.659 2.986 0.009 0.000 93.345
1 15 0 0 15 119881 94.763 3.189 0.014 67.830 93.081
1 16 0 0 16 119881 94.283 2.705 0.005 67.548 93.809
1 17 0 0 17 0 0.000 0.060 16.829 25.626 0.000
1 18 0 0 18 0 0.000 0.060 16.829 25.626 0.000
1 19 0 0 19 0 0.000 0.060 16.829 25.626 0.000
1 20 0 0 20 119881 94.761 2.148 0.001 6.435 94.192
1 21 0 0 21 119881 95.552 2.437 0.013 0.011 93.804
1 22 0 0 22 119881 94.262 1.510 0.000 0.003 93.758
1 23 0 0 23 119881 97.032 2.303 0.007 0.002 96.532
1 24 0 0 24 119881 96.716 3.154 0.140 0.178 94.813
1 25 0 0 25 119881 94.491 1.558 0.005 0.008 94.074
1 26 0 0 26 119881 94.770 1.859 0.005 0.004 94.270
1 27 0 0 27 119881 93.477 2.648 0.008 0.001 92.234
1 28 0 0 28 0 0.000 0.060 16.829 25.626 0.000
1 29 0 0 29 119881 203.084 2.083 0.006 0.004 202.591
1 30 0 0 30 119881 95.103 3.179 0.009 0.000 93.329
1 31 0 0 31 119881 93.562 3.243 0.005 97.464 92.998
1 32 0 0 32 119881 94.661 3.165 0.009 0.004 93.413
1 33 0 0 33 119881 93.168 2.265 0.000 0.000 92.656
1 34 0 0 34 119881 93.818 2.118 0.006 0.005 93.322
1 35 0 0 35 119881 95.577 3.038 0.009 0.000 94.097
1 36 0 0 36 119881 92.848 2.588 0.063 96.907 92.355
1 37 0 0 37 0 0.000 0.060 16.829 25.626 0.000
1 38 0 0 38 0 0.000 0.060 16.829 25.626 0.000
1 39 0 1 0 119881 87.417 3.277 0.009 0.000 85.948
1 40 0 1 1 119881 85.849 3.419 0.004 66.879 84.726
1 41 0 1 2 119881 90.597 3.324 0.010 0.000 89.094
1 42 0 1 3 119881 86.159 3.459 0.000 0.000 84.991
1 43 0 1 4 119881 87.448 3.375 0.014 0.015 85.943
1 44 0 1 5 119881 88.929 3.393 0.010 0.000 87.799
1 45 0 1 6 119881 89.362 3.276 0.009 0.000 87.880
1 46 0 1 7 119881 86.946 3.283 0.009 0.000 86.474
1 47 0 1 8 0 0.000 0.060 16.829 25.626 0.000
1 48 0 1 9 119881 86.070 3.260 0.010 0.011 85.079
1 49 0 1 10 119881 88.455 2.932 0.012 0.013 87.047
1 50 0 1 11 119881 86.782 3.340 0.010 0.000 86.333
1 51 0 1 12 119881 86.937 3.439 0.000 0.000 85.617
1 52 0 1 13 119881 87.825 3.395 0.010 0.000 86.676
1 53 0 1 14 119881 87.334 3.406 0.006 58.528 86.403
1 54 0 1 15 119881 90.253 3.353 0.010 0.000 89.413
1 55 0 1 16 119881 89.405 3.219 0.009 0.000 88.937
1 56 0 1 17 0 0.000 0.060 16.829 25.626 0.000
1 57 0 1 18 0 0.000 0.060 16.829 25.626 0.000
1 58 0 1 19 0 0.000 0.060 16.829 25.626 0.000
1 59 0 1 20 119881 85.550 2.930 0.000 0.000 84.133
1 60 0 1 21 119881 87.217 3.224 0.009 0.012 86.683
1 61 0 1 22 119881 88.706 2.876 0.002 6.310 87.643
1 62 0 1 23 119881 87.420 2.959 0.000 0.011 86.875
1 63 0 1 24 119881 86.477 3.244 0.009 0.000 85.997
1 64 0 1 25 119881 83.675 2.516 0.009 0.012 82.943
1 65 0 1 26 119881 88.598 3.344 0.000 0.000 87.100
1 66 0 1 27 119881 87.638 3.036 0.010 0.012 86.624
1 67 0 1 28 0 0.000 0.060 16.829 25.626 0.000
1 68 0 1 29 119881 86.764 2.042 0.000 0.000 86.032
1 69 0 1 30 119881 89.910 3.287 0.009 0.000 89.398
1 70 0 1 31 119881 88.910 2.429 0.002 93.114 88.012
1 71 0 1 32 119881 86.674 2.180 0.006 0.004 86.175
1 72 0 1 33 119881 89.627 1.973 0.006 0.004 89.127
1 73 0 1 34 119881 87.861 2.327 0.007 0.001 86.537
1 74 0 1 35 119881 82.763 2.591 0.007 0.000 81.437
1 75 0 1 36 119881 198.292 1.964 0.006 0.004 197.795
1 76 0 1 37 0 0.000 0.060 16.829 25.626 0.000
1 77 0 1 38 0 0.000 0.060 16.829 25.626 0.000
1 78 1 0 0 119881 92.887 2.716 0.008 0.000 91.583
1 79 1 0 1 119881 94.532 1.871 0.005 0.004 94.034
1 80 1 0 2 119881 96.346 2.889 0.010 0.008 94.902
1 81 1 0 3 119881 97.249 3.067 0.000 0.000 95.614
1 82 1 0 4 119881 93.880 1.888 0.005 0.004 93.380
1 83 1 0 5 119881 208.240 1.898 0.005 0.004 207.741
1 84 1 0 6 119881 95.653 1.449 0.004 0.003 95.153
1 85 1 0 7 119881 94.859 1.592 0.005 0.003 94.359
1 86 1 0 8 0 0.000 0.060 16.829 25.626 0.000
1 87 1 0 9 119881 95.945 1.703 0.005 0.003 95.670
1 88 1 0 10 119881 96.592 2.956 0.009 0.000 94.998
1 89 1 0 11 119881 93.764 1.799 0.005 0.004 93.264
1 90 1 0 12 119881 95.578 2.696 0.008 0.000 93.826
1 91 1 0 13 119881 96.027 3.001 0.006 0.007 94.402
1 92 1 0 14 119881 95.638 3.195 0.111 0.237 94.018
1 93 1 0 15 119881 97.523 3.168 0.015 0.009 96.844
1 94 1 0 16 119881 95.483 1.855 0.005 0.004 94.984
1 95 1 0 17 0 0.000 0.060 16.829 25.626 0.000
1 96 1 0 18 0 0.000 0.060 16.829 25.626 0.000
1 97 1 0 19 0 0.000 0.060 16.829 25.626 0.000
1 98 1 0 20 119881 72.965 3.755 0.013 77.041 72.125
1 99 1 0 21 119881 196.110 1.952 0.006 0.004 195.613
1 100 1 0 22 119881 88.915 1.891 0.005 0.004 88.415
1 101 1 0 23 119881 98.183 2.550 0.000 0.000 96.905
1 102 1 0 24 119881 95.023 1.583 0.005 0.003 94.524
1 103 1 0 25 119881 94.894 1.372 0.004 0.003 94.394
1 104 1 0 26 119881 94.764 2.033 0.006 0.004 94.264
1 105 1 0 27 119881 95.139 2.121 0.006 0.004 94.639
1 106 1 0 28 0 0.000 0.060 16.829 25.626 0.000
1 107 1 0 29 119881 97.070 2.319 0.000 0.006 95.905
1 108 1 0 30 119881 97.607 2.617 0.000 0.007 96.474
1 109 1 0 31 119881 93.833 3.071 0.012 0.015 92.499
1 110 1 0 32 119881 98.262 2.187 0.007 94.117 97.694
1 111 1 0 33 119881 96.889 1.868 0.005 0.004 96.389
1 112 1 0 34 119881 101.537 1.242 0.004 0.003 101.037
1 113 1 0 35 119881 92.761 2.410 0.007 0.000 91.786
1 114 1 0 36 119881 99.391 2.671 0.008 0.005 98.893
1 115 1 0 37 0 0.000 0.060 16.829 25.626 0.000
1 116 1 0 38 0 0.000 0.060 16.829 25.626 0.000
1 117 1 1 0 119881 94.896 3.180 0.000 0.000 93.778
1 118 1 1 1 119881 94.098 3.202 0.012 0.012 92.575
1 119 1 1 2 119881 92.824 3.183 0.009 0.000 92.340
1 120 1 1 3 119881 92.921 3.024 0.009 0.000 91.631
1 121 1 1 4 119881 93.972 2.504 0.007 0.000 92.758
1 122 1 1 5 119881 93.709 3.213 0.011 0.012 92.441
1 123 1 1 6 119881 93.493 3.165 0.000 0.000 91.960
1 124 1 1 7 119881 93.989 3.178 0.016 0.017 92.310
1 125 1 1 8 0 0.000 0.060 16.829 25.626 0.000
1 126 1 1 9 119881 93.487 3.272 0.046 0.044 92.489
1 127 1 1 10 119881 192.907 1.878 0.000 0.000 192.581
1 128 1 1 11 119881 95.222 3.098 0.006 12.010 94.079
1 129 1 1 12 119881 95.119 3.203 0.009 0.002 94.003
1 130 1 1 13 119881 94.906 3.102 0.009 0.000 93.626
1 131 1 1 14 119881 93.695 3.240 0.009 0.000 92.524
1 132 1 1 15 119881 95.769 3.183 0.000 0.000 94.555
1 133 1 1 16 119881 94.264 3.067 0.000 0.010 93.239
1 134 1 1 17 0 0.000 0.060 16.829 25.626 0.000
1 135 1 1 18 0 0.000 0.060 16.829 25.626 0.000
1 136 1 1 19 0 0.000 0.060 16.829 25.626 0.000
1 137 1 1 20 119881 92.790 3.236 0.009 0.000 92.258
1 138 1 1 21 119881 93.424 3.118 0.010 0.013 92.315
1 139 1 1 22 119881 94.004 2.193 0.006 0.001 93.205
1 140 1 1 23 119881 93.818 2.952 0.018 0.005 92.430
1 141 1 1 24 119881 96.011 2.971 0.009 0.000 94.139
1 142 1 1 25 119881 93.443 2.002 0.006 0.058 92.958
1 143 1 1 26 119881 94.007 3.086 0.004 72.938 93.224
1 144 1 1 27 119881 92.286 2.447 0.007 0.000 91.026
1 145 1 1 28 0 0.000 0.060 16.829 25.626 0.000
1 146 1 1 29 119881 93.959 1.892 0.005 0.004 93.459
1 147 1 1 30 119881 0.000 0.060 16.829 25.626 1.000
1 148 1 1 31 119881 96.875 2.209 0.006 0.005 96.375
1 149 1 1 32 119881 91.641 2.202 0.006 0.004 91.141
1 150 1 1 33 119881 92.638 2.331 0.007 0.005 92.138
1 151 1 1 34 119881 91.366 2.807 0.002 62.663 90.075
1 152 1 1 35 119881 99.897 1.028 0.003 0.002 99.397
1 153 1 1 36 119881 93.716 2.481 0.007 0.005 93.216
1 154 1 1 37 0 0.000 0.060 16.829 25.626 0.000
1 155 1 1 38 0 0.000 0.060 16.829 25.626 0.000
1 156 2 0 0 119881 202.358 1.678 0.005 0.003 201.879
1 157 2 0 1 119881 92.169 3.200 0.019 0.024 90.566
1 158 2 0 2 119881 91.361 3.302 0.010 0.000 89.798
1 159 2 0 3 119881 93.401 3.247 0.015 0.018 91.863
1 160 2 0 4 119881 89.918 1.435 0.004 0.003 89.418
1 161 2 0 5 119881 92.270 2.836 0.008 0.001 91.293
1 162 2 0 6 119881 91.462 2.647 0.009 0.008 90.276
1 163 2 0 7 119881 92.063 1.769 0.005 0.004 91.563
1 164 2 0 8 0 0.000 0.060 16.829 25.626 0.000
1 165 2 0 9 119881 87.058 1.788 0.005 0.004 86.558
1 166 2 0 10 119881 92.594 1.826 0.005 0.004 92.094
1 167 2 0 11 119881 64.739 3.060 0.009 0.000 63.162
1 168 2 0 12 119881 92.051 1.750 0.005 0.004 91.551
1 169 2 0 13 119881 92.949 3.179 0.015 0.018 91.445
1 170 2 0 14 119881 91.754 3.218 0.014 67.842 91.051
1 171 2 0 15 119881 183.500 0.001 0.000 0.291 183.000
1 172 2 0 16 119881 87.423 3.095 0.009 0.000 85.759
1 173 2 0 17 0 0.000 0.060 16.829 25.626 0.000
1 174 2 0 18 0 0.000 0.060 16.829 25.626 0.000
1 175 2 0 19 0 0.000 0.060 16.829 25.626 0.000
1 176 2 0 20 119881 92.860 0.984 0.003 0.002 92.360
1 177 2 0 21 119881 94.194 0.988 0.003 0.002 93.694
1 178 2 0 22 119881 93.696 2.485 0.007 0.000 91.893
1 179 2 0 23 119881 91.687 2.693 0.008 0.000 90.569
1 180 2 0 24 119881 91.607 1.698 0.005 0.003 91.107
1 181 2 0 25 119881 91.880 1.457 0.004 0.003 91.380
1 182 2 0 26 119881 93.188 1.867 0.005 0.004 92.688
1 183 2 0 27 119881 92.081 2.635 0.008 0.000 91.021
1 184 2 0 28 0 0.000 0.060 16.829 25.626 0.000
1 185 2 0 29 119881 93.625 1.867 0.078 0.038 93.135
1 186 2 0 30 119881 94.943 2.712 0.012 0.013 93.454
1 187 2 0 31 119881 91.457 2.257 0.007 0.000 90.951
1 188 2 0 32 119881 92.197 2.760 0.009 0.010 91.290
1 189 2 0 33 119881 91.030 1.799 0.005 0.004 90.530
1 190 2 0 34 119881 91.852 2.199 0.003 6.825 91.318
1 191 2 0 35 119881 92.800 2.820 0.000 0.009 91.388
1 192 2 0 36 119881 90.813 1.753 0.005 0.004 90.313
1 193 2 0 37 0 0.000 0.060 16.829 25.626 0.000
1 194 2 0 38 0 0.000 0.060 16.829 25.626 0.000
1 195 2 1 0 119881 91.907 3.237 0.015 74.990 91.289
1 196 2 1 1 119881 91.838 3.313 0.011 0.011 90.628
1 197 2 1 2 119881 92.225 3.276 0.009 0.000 91.770
1 198 2 1 3 119881 91.759 3.319 0.010 0.000 91.103
1 199 2 1 4 119881 91.952 3.183 0.009 0.002 90.433
1 200 2 1 5 119881 93.173 3.251 0.000 0.009 91.624
1 201 2 1 6 119881 93.459 3.274 0.009 0.001 92.089
1 202 2 1 7 119881 91.647 3.320 0.010 0.000 90.173
1 203 2 1 8 0 0.000 0.060 16.829 25.626 0.000
1 204 2 1 9 119881 90.960 3.208 0.009 0.011 90.622
1 205 2 1 10 119881 92.978 3.235 0.009 0.005 92.429
1 206 2 1 11 119881 90.475 3.347 0.010 0.000 89.330
1 207 2 1 12 119881 91.944 3.313 0.011 86.074 91.500
1 208 2 1 13 119881 92.155 3.147 0.000 0.000 91.672
1 209 2 1 14 119881 92.698 3.238 0.009 0.000 91.595
1 210 2 1 15 119881 88.639 3.395 0.000 0.010 87.389
1 211 2 1 16 119881 91.820 3.312 0.010 0.000 91.247
1 212 2 1 17 0 0.000 0.060 16.829 25.626 0.000
1 213 2 1 18 0 0.000 0.060 16.829 25.626 0.000
1 214 2 1 19 0 0.000 0.060 16.829 25.626 0.000
1 215 2 1 20 119881 91.913 3.206 0.000 0.000 91.347
1 216 2 1 21 119881 92.499 3.146 0.009 0.000 90.932
1 217 2 1 22 119881 91.034 3.021 0.001 0.000 90.031
1 218 2 1 23 119881 200.098 1.688 0.005 0.003 199.608
1 219 2 1 24 119881 91.185 3.147 0.009 0.000 90.685
1 220 2 1 25 119881 92.562 2.701 0.008 0.000 90.795
1 221 2 1 26 119881 92.891 2.741 0.008 0.000 91.493
1 222 2 1 27 119881 91.467 2.984 0.009 0.000 89.581
1 223 2 1 28 0 0.000 0.060 16.829 25.626 0.000
1 224 2 1 29 119881 92.240 2.419 0.000 0.000 90.490
1 225 2 1 30 119881 91.841 2.585 0.007 0.000 90.601
1 226 2 1 31 119881 92.971 2.296 0.000 0.006 91.872
1 227 2 1 32 119881 90.707 2.543 0.007 0.000 90.176
1 228 2 1 33 119881 90.627 1.791 0.005 0.004 90.129
1 229 2 1 34 119881 90.570 2.359 0.007 0.007 89.881
1 230 2 1 35 119881 91.195 2.060 0.006 0.004 90.711
1 231 2 1 36 119881 91.120 1.851 0.000 0.004 90.617
1 232 2 1 37 0 0.000 0.060 16.829 25.626 0.000
1 233 2 1 38 0 0.000 0.060 16.829 25.626 0.000
