0 0 0 0 0 146517 83.346 2.037 0.005 0.004 82.846
0 1 0 0 1 146517 83.065 2.176 0.006 0.004 82.565
0 2 0 0 2 146517 79.700 2.251 0.006 0.004 79.200
0 3 0 0 3 146517 78.417 2.202 0.006 0.004 77.917
0 4 0 0 4 146517 83.551 1.814 0.005 0.003 83.051
0 5 0 0 5 146517 77.256 2.288 0.006 0.004 76.756
0 6 0 0 6 146517 178.521 2.352 0.006 0.004 178.021
0 7 0 0 7 146517 79.247 1.898 0.005 0.004 78.747
0 8 0 0 8 0 0.000 0.060 16.829 25.626 0.000
0 9 0 0 9 146517 47.490 1.747 0.005 0.003 46.990
0 10 0 0 10 146517 71.170 2.595 0.007 0.005 70.670
0 11 0 0 11 146517 137.907 1.881 0.005 0.003 137.407
0 12 0 0 12 146517 76.257 2.466 0.006 0.005 75.757
0 13 0 0 13 146517 78.345 2.192 0.006 0.004 77.845
0 14 0 0 14 146517 75.669 2.568 0.007 0.005 75.169
0 15 0 0 15 146517 83.774 2.238 0.006 0.004 83.274
0 16 0 0 16 146517 78.863 2.338 0.006 0.004 78.363
0 17 0 0 17 0 0.000 0.060 16.829 25.626 0.000
0 18 0 0 18 0 0.000 0.060 16.829 25.626 0.000
0 19 0 0 19 0 0.000 0.060 16.829 25.626 0.000
0 20 0 0 20 146517 176.268 1.837 0.005 0.003 175.768
0 21 0 0 21 146517 86.084 2.179 0.006 0.004 85.584
0 22 0 0 22 146517 68.052 1.750 0.005 0.003 67.552
0 23 0 0 23 146517 82.527 2.132 0.006 0.004 82.027
0 24 0 0 24 146517 84.654 1.956 0.005 0.004 84.154
0 25 0 0 25 146517 84.894 1.492 0.004 0.003 84.394
0 26 0 0 26 146517 80.043 2.618 0.007 0.005 79.543
0 27 0 0 27 146517 79.169 2.282 0.006 0.004 78.669
0 28 0 0 28 0 0.000 0.060 16.829 25.626 0.000
0 29 0 0 29 146517 99.981 2.265 0.006 0.004 99.481
0 30 0 0 30 146517 85.434 2.633 0.007 0.005 84.934
0 31 0 0 31 146517 91.137 2.041 0.005 0.004 90.637
0 32 0 0 32 146517 106.239 2.196 0.006 0.004 105.739
0 33 0 0 33 146517 81.180 2.162 0.006 0.004 80.680
0 34 0 0 34 146517 84.978 2.361 0.006 0.004 84.478
0 35 0 0 35 146517 85.315 2.058 0.005 0.004 84.815
0 36 0 0 36 146517 90.373 2.030 0.005 0.004 89.873
0 37 0 0 37 0 0.000 0.060 16.829 25.626 0.000
0 38 0 0 38 0 0.000 0.060 16.829 25.626 0.000
0 39 0 1 0 146517 90.254 1.967 0.005 0.004 89.754
0 40 0 1 1 146517 88.765 1.996 0.005 0.004 88.265
0 41 0 1 2 146517 83.081 2.307 0.006 0.004 82.581
0 42 0 1 3 146517 191.294 2.088 0.005 0.004 190.794
0 43 0 1 4 146517 88.574 2.233 0.006 0.004 88.074
0 44 0 1 5 146517 85.794 2.049 0.005 0.004 85.294
0 45 0 1 6 146517 87.788 2.361 0.006 0.004 87.288
0 46 0 1 7 146517 88.833 2.306 0.006 0.004 88.333
0 47 0 1 8 0 0.000 0.060 16.829 25.626 0.000
0 48 0 1 9 146517 82.537 2.131 0.006 0.004 82.037
0 49 0 1 10 146517 80.320 2.459 0.006 0.005 79.820
0 50 0 1 11 146517 85.429 2.246 0.006 0.004 84.929
0 51 0 1 12 146517 85.221 2.592 0.007 0.005 84.721
0 52 0 1 13 146517 86.310 2.085 0.005 0.004 85.810
0 53 0 1 14 146517 82.962 2.611 0.007 0.005 82.462
0 54 0 1 15 146517 84.829 2.198 0.006 0.004 84.329
0 55 0 1 16 146517 88.031 2.424 0.006 0.004 87.531
0 56 0 1 17 0 0.000 0.060 16.829 25.626 0.000
0 57 0 1 18 0 0.000 0.060 16.829 25.626 0.000
0 58 0 1 19 0 0.000 0.060 16.829 25.626 0.000
0 59 0 1 20 146517 88.336 2.011 0.005 0.004 87.836
0 60 0 1 21 146517 84.938 2.108 0.006 0.004 84.438
0 61 0 1 22 146517 86.432 2.257 0.006 0.004 85.932
0 62 0 1 23 146517 87.423 2.012 0.005 0.004 86.923
0 63 0 1 24 146517 88.249 2.074 0.005 0.004 87.749
0 64 0 1 25 146517 89.717 1.934 0.005 0.004 89.217
0 65 0 1 26 146517 91.215 2.150 0.006 0.004 90.715
0 66 0 1 27 146517 90.327 2.117 0.006 0.004 89.827
0 67 0 1 28 0 0.000 0.060 16.829 25.626 0.000
0 68 0 1 29 146517 90.401 2.075 0.005 0.004 89.901
0 69 0 1 30 146517 92.544 2.522 0.007 0.005 92.043
0 70 0 1 31 146517 84.567 2.220 0.006 0.004 84.067
0 71 0 1 32 146517 93.453 2.422 0.006 0.004 92.953
0 72 0 1 33 146517 86.719 2.204 0.006 0.004 86.219
0 73 0 1 34 146517 88.011 2.067 0.005 0.004 87.511
0 74 0 1 35 146517 95.404 1.874 0.005 0.003 94.904
0 75 0 1 36 146517 95.383 1.950 0.005 0.004 94.883
0 76 0 1 37 0 0.000 0.060 16.829 25.626 0.000
0 77 0 1 38 0 0.000 0.060 16.829 25.626 0.000
0 78 1 0 0 146517 90.221 1.857 0.005 0.003 89.721
0 79 1 0 1 146517 87.476 1.912 0.005 0.004 86.976
0 80 1 0 2 146517 86.424 2.115 0.006 0.004 85.924
0 81 1 0 3 146517 87.621 1.987 0.005 0.004 87.121
0 82 1 0 4 146517 82.094 2.079 0.005 0.004 81.594
0 83 1 0 5 146517 82.747 2.051 0.005 0.004 82.247
0 84 1 0 6 146517 90.381 1.562 0.004 0.003 89.881
0 85 1 0 7 146517 84.898 1.854 0.005 0.003 84.398
0 86 1 0 8 0 0.000 0.060 16.829 25.626 0.000
0 87 1 0 9 146517 172.353 1.709 0.004 0.003 171.853
0 88 1 0 10 146517 83.316 2.345 0.006 0.004 82.816
0 89 1 0 11 146517 82.096 1.697 0.004 0.003 81.596
0 90 1 0 12 146517 85.635 2.174 0.006 0.004 85.135
0 91 1 0 13 146517 85.876 1.976 0.005 0.004 85.376
0 92 1 0 14 146517 84.730 2.243 0.006 0.004 84.230
0 93 1 0 15 146517 86.377 2.004 0.005 0.004 85.877
0 94 1 0 16 146517 83.403 2.404 0.006 0.004 82.903
0 95 1 0 17 0 0.000 0.060 16.829 25.626 0.000
0 96 1 0 18 0 0.000 0.060 16.829 25.626 0.000
0 97 1 0 19 0 0.000 0.060 16.829 25.626 0.000
0 98 1 0 20 146517 69.757 2.500 0.007 0.005 69.180
0 99 1 0 21 146517 86.292 2.084 0.005 0.004 85.792
0 100 1 0 22 146517 88.410 1.973 0.005 0.004 87.910
0 101 1 0 23 146517 83.308 2.093 0.005 0.004 82.808
0 102 1 0 24 146517 86.080 1.919 0.005 0.004 85.580
0 103 1 0 25 146517 87.155 1.546 0.004 0.003 86.655
0 104 1 0 26 146517 84.776 2.514 0.007 0.005 84.276
0 105 1 0 27 146517 82.823 2.392 0.006 0.004 82.323
0 106 1 0 28 0 0.000 0.060 16.829 25.626 0.000
0 107 1 0 29 146517 89.503 2.075 0.005 0.004 89.003
0 108 1 0 30 146517 94.346 2.234 0.006 0.004 93.846
0 109 1 0 31 146517 90.471 1.889 0.005 0.003 89.971
0 110 1 0 32 146517 91.084 1.948 0.005 0.004 90.584
0 111 1 0 33 146517 84.337 2.053 0.005 0.004 83.837
0 112 1 0 34 146517 84.513 2.124 0.006 0.004 84.013
0 113 1 0 35 146517 89.105 2.184 0.006 0.004 88.605
0 114 1 0 36 146517 89.686 2.228 0.006 0.004 89.186
0 115 1 0 37 0 0.000 0.060 16.829 25.626 0.000
0 116 1 0 38 0 0.000 0.060 16.829 25.626 0.000
0 117 1 1 0 146517 84.950 1.791 0.005 0.003 84.450
0 118 1 1 1 146517 87.371 1.860 0.005 0.003 86.871
0 119 1 1 2 146517 83.097 1.984 0.005 0.004 82.597
0 120 1 1 3 146517 80.025 1.896 0.005 0.004 79.525
0 121 1 1 4 146517 82.619 1.963 0.005 0.004 82.119
0 122 1 1 5 146517 87.810 0.999 0.003 0.002 87.310
0 123 1 1 6 146517 80.746 2.089 0.005 0.004 80.246
0 124 1 1 7 146517 82.650 2.113 0.006 0.004 82.150
0 125 1 1 8 0 0.000 0.060 16.829 25.626 0.000
0 126 1 1 9 146517 76.230 2.029 0.005 0.004 75.730
0 127 1 1 10 146517 78.984 2.238 0.006 0.004 78.484
0 128 1 1 11 146517 81.656 1.961 0.005 0.004 81.156
0 129 1 1 12 146517 82.417 2.377 0.006 0.004 81.917
0 130 1 1 13 146517 84.597 1.884 0.005 0.003 84.097
0 131 1 1 14 146517 82.125 2.429 0.006 0.004 81.625
0 132 1 1 15 146517 0.000 0.060 16.829 25.626 512.000
0 133 1 1 16 146517 189.868 2.299 0.006 0.004 189.368
0 134 1 1 17 0 0.000 0.060 16.829 25.626 0.000
0 135 1 1 18 0 0.000 0.060 16.829 25.626 0.000
0 136 1 1 19 0 0.000 0.060 16.829 25.626 0.000
0 137 1 1 20 146517 81.570 2.022 0.005 0.004 81.070
0 138 1 1 21 146517 80.993 2.073 0.005 0.004 80.493
0 139 1 1 22 146517 76.820 2.432 0.006 0.004 76.320
0 140 1 1 23 146517 78.972 2.137 0.006 0.004 78.472
0 141 1 1 24 146517 77.361 2.257 0.006 0.004 76.861
0 142 1 1 25 146517 80.588 1.830 0.005 0.003 80.088
0 143 1 1 26 146517 82.255 2.070 0.005 0.004 81.755
0 144 1 1 27 146517 83.558 2.045 0.005 0.004 83.058
0 145 1 1 28 0 0.000 0.060 16.829 25.626 0.000
0 146 1 1 29 146517 82.640 2.012 0.005 0.004 82.140
0 147 1 1 30 146517 84.674 2.385 0.006 0.004 84.174
0 148 1 1 31 146517 78.843 2.227 0.006 0.004 78.343
0 149 1 1 32 146517 80.788 2.362 0.006 0.004 80.288
0 150 1 1 33 146517 82.047 2.181 0.006 0.004 81.547
0 151 1 1 34 146517 81.483 1.967 0.005 0.004 80.983
0 152 1 1 35 146517 85.061 1.974 0.005 0.004 84.561
0 153 1 1 36 146517 84.890 2.077 0.005 0.004 84.390
0 154 1 1 37 0 0.000 0.060 16.829 25.626 0.000
0 155 1 1 38 0 0.000 0.060 16.829 25.626 0.000
0 156 2 0 0 146517 83.317 1.951 0.005 0.004 82.817
0 157 2 0 1 146517 80.706 1.930 0.005 0.004 80.206
0 158 2 0 2 146517 75.914 2.091 0.005 0.004 75.414
0 159 2 0 3 146517 78.649 2.113 0.006 0.004 78.149
0 160 2 0 4 146517 82.651 1.646 0.004 0.003 82.151
0 161 2 0 5 146517 74.628 2.335 0.006 0.004 74.128
0 162 2 0 6 146517 72.547 2.808 0.007 0.005 72.047
0 163 2 0 7 146517 80.247 1.949 0.005 0.004 79.747
0 164 2 0 8 0 0.000 0.060 16.829 25.626 0.000
0 165 2 0 9 146517 81.154 1.870 0.005 0.003 80.654
0 166 2 0 10 146517 71.957 2.741 0.007 0.005 71.457
0 167 2 0 11 146517 85.500 0.000 0.000 0.460 85.000
0 168 2 0 12 146517 78.717 2.490 0.007 0.005 78.209
0 169 2 0 13 146517 86.209 0.912 0.002 0.002 85.709
0 170 2 0 14 146517 73.697 2.293 0.006 0.004 73.197
0 171 2 0 15 146517 87.586 1.004 0.003 0.002 87.086
0 172 2 0 16 146517 77.906 2.318 0.006 0.004 77.406
0 173 2 0 17 0 0.000 0.060 16.829 25.626 0.000
0 174 2 0 18 0 0.000 0.060 16.829 25.626 0.000
0 175 2 0 19 0 0.000 0.060 16.829 25.626 0.000
0 176 2 0 20 146517 80.500 0.000 0.000 0.462 80.000
0 177 2 0 21 146517 79.017 1.739 0.005 0.003 78.517
0 178 2 0 22 146517 69.500 0.000 0.000 0.696 69.000
0 179 2 0 23 146517 74.392 2.185 0.006 0.004 73.892
0 180 2 0 24 146517 77.801 2.054 0.005 0.004 77.301
0 181 2 0 25 146517 82.466 1.575 0.004 0.003 81.966
0 182 2 0 26 146517 71.395 3.352 0.009 0.006 70.732
0 183 2 0 27 146517 74.721 2.276 0.006 0.004 74.221
0 184 2 0 28 0 0.000 0.060 16.829 25.626 0.000
0 185 2 0 29 146517 80.865 2.071 0.005 0.004 80.365
0 186 2 0 30 146517 78.831 2.483 0.006 0.005 78.330
0 187 2 0 31 146517 86.283 1.937 0.005 0.004 85.783
0 188 2 0 32 146517 83.482 2.015 0.005 0.004 82.982
0 189 2 0 33 146517 69.998 0.909 0.002 0.002 69.498
0 190 2 0 34 146517 79.861 2.149 0.006 0.004 79.361
0 191 2 0 35 146517 187.016 1.898 0.005 0.004 186.516
0 192 2 0 36 146517 85.147 1.989 0.005 0.004 84.647
0 193 2 0 37 0 0.000 0.060 16.829 25.626 0.000
0 194 2 0 38 0 0.000 0.060 16.829 25.626 0.000
0 195 2 1 0 146517 85.754 2.046 0.005 0.004 85.254
0 196 2 1 1 146517 88.854 2.048 0.005 0.004 88.354
0 197 2 1 2 146517 81.198 2.340 0.006 0.004 80.698
0 198 2 1 3 146517 85.582 2.187 0.006 0.004 85.082
0 199 2 1 4 146517 83.480 2.453 0.006 0.005 82.980
0 200 2 1 5 146517 86.267 2.090 0.005 0.004 85.767
0 201 2 1 6 146517 81.431 2.429 0.006 0.004 80.931
0 202 2 1 7 146517 87.885 2.456 0.006 0.005 87.385
0 203 2 1 8 0 0.000 0.060 16.829 25.626 0.000
0 204 2 1 9 146517 77.927 2.231 0.006 0.004 77.427
0 205 2 1 10 146517 83.971 2.770 0.007 0.005 83.471
0 206 2 1 11 146517 80.533 2.244 0.006 0.004 80.033
0 207 2 1 12 146517 78.761 2.912 0.008 0.005 78.260
0 208 2 1 13 146517 81.558 2.140 0.006 0.004 81.058
0 209 2 1 14 146517 191.296 3.065 0.008 0.006 190.796
0 210 2 1 15 146517 81.757 2.312 0.006 0.004 81.257
0 211 2 1 16 146517 79.241 2.805 0.007 0.005 78.741
0 212 2 1 17 0 0.000 0.060 16.829 25.626 0.000
0 213 2 1 18 0 0.000 0.060 16.829 25.626 0.000
0 214 2 1 19 0 0.000 0.060 16.829 25.626 0.000
0 215 2 1 20 146517 81.650 2.104 0.005 0.004 81.150
0 216 2 1 21 146517 81.315 2.082 0.005 0.004 80.815
0 217 2 1 22 146517 77.423 2.316 0.006 0.004 76.923
0 218 2 1 23 146517 81.368 2.023 0.005 0.004 80.868
0 219 2 1 24 146517 81.654 2.167 0.006 0.004 81.154
0 220 2 1 25 146517 81.260 1.899 0.005 0.004 80.760
0 221 2 1 26 146517 77.903 2.340 0.006 0.004 77.403
0 222 2 1 27 146517 85.546 2.164 0.006 0.004 85.046
0 223 2 1 28 0 0.000 0.060 16.829 25.626 0.000
0 224 2 1 29 146517 81.461 2.125 0.006 0.004 80.961
0 225 2 1 30 146517 82.035 2.688 0.007 0.005 81.535
0 226 2 1 31 146517 83.625 2.364 0.006 0.004 83.125
0 227 2 1 32 146517 84.647 2.580 0.007 0.005 84.147
0 228 2 1 33 146517 88.873 2.332 0.006 0.004 88.373
0 229 2 1 34 146517 91.725 2.221 0.006 0.004 91.225
0 230 2 1 35 146517 95.088 0.658 0.002 0.001 94.588
0 231 2 1 36 146517 97.887 2.163 0.006 0.004 97.387
0 232 2 1 37 0 0.000 0.060 16.829 25.626 0.000
0 233 2 1 38 0 0.000 0.060 16.829 25.626 0.000
1 0 0 0 0 146517 94.101 1.655 0.004 0.003 93.601
1 1 0 0 1 146517 94.608 0.853 0.002 0.002 94.108
1 2 0 0 2 146517 94.668 1.628 0.004 0.003 94.168
1 3 0 0 3 146517 93.516 1.739 0.005 0.003 93.016
1 4 0 0 4 146517 93.746 1.411 0.004 0.003 93.246
1 5 0 0 5 146517 96.151 1.846 0.005 0.003 95.651
1 6 0 0 6 146517 92.836 1.854 0.005 0.003 92.336
1 7 0 0 7 146517 93.512 1.562 0.004 0.003 93.012
1 8 0 0 8 0 0.000 0.060 16.829 25.626 0.000
1 9 0 0 9 146517 60.176 1.525 0.004 0.003 59.676
1 10 0 0 10 146517 93.531 1.820 0.005 0.003 93.031
1 11 0 0 11 146517 93.468 1.502 0.004 0.003 92.968
1 12 0 0 12 146517 94.867 1.493 0.004 0.003 94.367
1 13 0 0 13 146517 93.361 1.570 0.004 0.003 92.861
1 14 0 0 14 146517 93.564 1.663 0.004 0.003 93.064
1 15 0 0 15 146517 93.331 1.680 0.004 0.003 92.831
1 16 0 0 16 146517 93.992 1.701 0.004 0.003 93.492
1 17 0 0 17 0 0.000 0.060 16.829 25.626 0.000
1 18 0 0 18 0 0.000 0.060 16.829 25.626 0.000
1 19 0 0 19 0 0.000 0.060 16.829 25.626 0.000
1 20 0 0 20 146517 94.439 1.453 0.004 0.003 93.939
1 21 0 0 21 146517 93.967 1.665 0.004 0.003 93.467
1 22 0 0 22 146517 93.724 1.461 0.004 0.003 93.224
1 23 0 0 23 146517 96.705 1.722 0.004 0.003 96.205
1 24 0 0 24 146517 94.803 1.475 0.004 0.003 94.303
1 25 0 0 25 146517 94.446 1.268 0.003 0.002 93.946
1 26 0 0 26 146517 94.210 1.791 0.005 0.003 93.710
1 27 0 0 27 146517 92.319 1.943 0.005 0.004 91.819
1 28 0 0 28 0 0.000 0.060 16.829 25.626 0.000
1 29 0 0 29 146517 203.019 2.016 0.005 0.004 202.519
1 30 0 0 30 146517 93.501 1.746 0.005 0.003 93.001
1 31 0 0 31 146517 93.236 1.684 0.004 0.003 92.736
1 32 0 0 32 146517 93.607 2.192 0.006 0.004 93.107
1 33 0 0 33 146517 92.880 1.824 0.005 0.003 92.380
1 34 0 0 34 146517 93.597 1.864 0.005 0.003 93.097
1 35 0 0 35 146517 94.438 1.674 0.004 0.003 93.938
1 36 0 0 36 146517 92.797 1.765 0.005 0.003 92.297
1 37 0 0 37 0 0.000 0.060 16.829 25.626 0.000
1 38 0 0 38 0 0.000 0.060 16.829 25.626 0.000
1 39 0 1 0 146517 85.852 1.683 0.004 0.003 85.352
1 40 0 1 1 146517 84.684 1.756 0.005 0.003 84.184
1 41 0 1 2 146517 88.940 1.808 0.005 0.003 88.440
1 42 0 1 3 146517 84.812 1.754 0.005 0.003 84.312
1 43 0 1 4 146517 85.407 1.694 0.004 0.003 84.907
1 44 0 1 5 146517 88.092 1.702 0.004 0.003 87.592
1 45 0 1 6 146517 87.678 1.697 0.004 0.003 87.178
1 46 0 1 7 146517 85.052 1.766 0.005 0.003 84.552
1 47 0 1 8 0 0.000 0.060 16.829 25.626 0.000
1 48 0 1 9 146517 86.340 1.718 0.004 0.003 85.840
1 49 0 1 10 146517 86.723 1.719 0.004 0.003 86.223
1 50 0 1 11 146517 86.388 1.689 0.004 0.003 85.888
1 51 0 1 12 146517 85.442 1.738 0.005 0.003 84.942
1 52 0 1 13 146517 86.466 1.714 0.004 0.003 85.966
1 53 0 1 14 146517 85.989 1.736 0.005 0.003 85.489
1 54 0 1 15 146517 88.937 1.683 0.004 0.003 88.437
1 55 0 1 16 146517 88.641 1.754 0.005 0.003 88.141
1 56 0 1 17 0 0.000 0.060 16.829 25.626 0.000
1 57 0 1 18 0 0.000 0.060 16.829 25.626 0.000
1 58 0 1 19 0 0.000 0.060 16.829 25.626 0.000
1 59 0 1 20 146517 83.832 1.570 0.004 0.003 83.332
1 60 0 1 21 146517 86.775 1.702 0.004 0.003 86.275
1 61 0 1 22 146517 87.296 1.768 0.005 0.003 86.796
1 62 0 1 23 146517 86.712 1.768 0.005 0.003 86.212
1 63 0 1 24 146517 85.618 1.644 0.004 0.003 85.118
1 64 0 1 25 146517 82.651 1.594 0.004 0.003 82.151
1 65 0 1 26 146517 86.713 1.672 0.004 0.003 86.213
1 66 0 1 27 146517 86.617 1.724 0.005 0.003 86.117
1 67 0 1 28 0 0.000 0.060 16.829 25.626 0.000
1 68 0 1 29 146517 85.932 1.775 0.005 0.003 85.432
1 69 0 1 30 146517 88.969 1.867 0.005 0.003 88.469
1 70 0 1 31 146517 88.368 1.965 0.005 0.004 87.868
1 71 0 1 32 146517 86.062 2.037 0.005 0.004 85.562
1 72 0 1 33 146517 89.198 1.888 0.005 0.003 88.698
1 73 0 1 34 146517 86.326 1.786 0.005 0.003 85.826
1 74 0 1 35 146517 81.503 1.735 0.005 0.003 81.003
1 75 0 1 36 146517 197.576 1.896 0.005 0.004 197.076
1 76 0 1 37 0 0.000 0.060 16.829 25.626 0.000
1 77 0 1 38 0 0.000 0.060 16.829 25.626 0.000
1 78 1 0 0 146517 91.732 1.853 0.005 0.003 91.232
1 79 1 0 1 146517 94.304 1.783 0.005 0.003 93.804
1 80 1 0 2 146517 95.220 1.685 0.004 0.003 94.720
1 81 1 0 3 146517 96.105 1.690 0.004 0.003 95.605
1 82 1 0 4 146517 93.703 1.832 0.005 0.003 93.203
1 83 1 0 5 146517 208.058 1.851 0.005 0.003 207.558
1 84 1 0 6 146517 95.548 1.413 0.004 0.003 95.048
1 85 1 0 7 146517 94.285 1.582 0.004 0.003 93.785
1 86 1 0 8 0 0.000 0.060 16.829 25.626 0.000
1 87 1 0 9 146517 95.599 1.476 0.004 0.003 95.099
1 88 1 0 10 146517 95.213 1.808 0.005 0.003 94.713
1 89 1 0 11 146517 93.509 1.780 0.005 0.003 93.009
1 90 1 0 12 146517 93.924 1.619 0.004 0.003 93.424
1 91 1 0 13 146517 94.795 1.637 0.004 0.003 94.295
1 92 1 0 14 146517 93.914 1.680 0.004 0.003 93.414
1 93 1 0 15 146517 97.327 2.482 0.006 0.005 96.827
1 94 1 0 16 146517 94.711 1.787 0.005 0.003 94.211
1 95 1 0 17 0 0.000 0.060 16.829 25.626 0.000
1 96 1 0 18 0 0.000 0.060 16.829 25.626 0.000
1 97 1 0 19 0 0.000 0.060 16.829 25.626 0.000
1 98 1 0 20 146517 72.421 1.842 0.005 0.003 71.921
1 99 1 0 21 146517 195.670 1.920 0.005 0.004 195.170
1 100 1 0 22 146517 88.766 1.862 0.005 0.003 88.266
1 101 1 0 23 146517 97.037 1.864 0.005 0.003 96.537
1 102 1 0 24 146517 94.596 1.540 0.004 0.003 94.096
1 103 1 0 25 146517 94.516 1.364 0.004 0.003 94.016
1 104 1 0 26 146517 94.138 1.984 0.005 0.004 93.638
1 105 1 0 27 146517 94.787 2.063 0.005 0.004 94.287
1 106 1 0 28 0 0.000 0.060 16.829 25.626 0.000
1 107 1 0 29 146517 95.812 1.741 0.005 0.003 95.312
1 108 1 0 30 146517 96.470 1.973 0.005 0.004 95.970
1 109 1 0 31 146517 92.759 1.769 0.005 0.003 92.259
1 110 1 0 32 146517 97.690 1.769 0.005 0.003 97.190
1 111 1 0 33 146517 96.616 1.807 0.005 0.003 96.116
1 112 1 0 34 146517 101.234 1.241 0.003 0.002 100.734
1 113 1 0 35 146517 92.302 2.044 0.005 0.004 91.802
1 114 1 0 36 146517 99.338 2.648 0.007 0.005 98.838
1 115 1 0 37 0 0.000 0.060 16.829 25.626 0.000
1 116 1 0 38 0 0.000 0.060 16.829 25.626 0.000
1 117 1 1 0 146517 93.753 1.569 0.004 0.003 93.253
1 118 1 1 1 146517 91.809 1.676 0.004 0.003 91.309
1 119 1 1 2 146517 92.442 1.681 0.004 0.003 91.942
1 120 1 1 3 146517 91.507 1.790 0.005 0.003 91.007
1 121 1 1 4 146517 92.887 1.705 0.004 0.003 92.387
1 122 1 1 5 146517 92.757 1.669 0.004 0.003 92.257
1 123 1 1 6 146517 92.011 1.659 0.004 0.003 91.511
1 124 1 1 7 146517 92.199 1.695 0.004 0.003 91.699
1 125 1 1 8 0 0.000 0.060 16.829 25.626 0.000
1 126 1 1 9 146517 92.596 1.689 0.004 0.003 92.096
1 127 1 1 10 146517 192.750 1.627 0.004 0.003 192.250
1 128 1 1 11 146517 94.199 1.613 0.004 0.003 93.699
1 129 1 1 12 146517 93.840 1.665 0.004 0.003 93.340
1 130 1 1 13 146517 93.524 1.606 0.004 0.003 93.024
1 131 1 1 14 146517 90.414 1.714 0.004 0.003 89.914
1 132 1 1 15 146517 94.689 1.592 0.004 0.003 94.189
1 133 1 1 16 146517 93.193 1.760 0.005 0.003 92.693
1 134 1 1 17 0 0.000 0.060 16.829 25.626 0.000
1 135 1 1 18 0 0.000 0.060 16.829 25.626 0.000
1 136 1 1 19 0 0.000 0.060 16.829 25.626 0.000
1 137 1 1 20 146517 92.195 1.588 0.004 0.003 91.695
1 138 1 1 21 146517 92.995 1.742 0.005 0.003 92.495
1 139 1 1 22 146517 93.107 1.824 0.005 0.003 92.607
1 140 1 1 23 146517 93.432 1.849 0.005 0.003 92.932
1 141 1 1 24 146517 94.018 1.651 0.004 0.003 93.518
1 142 1 1 25 146517 93.015 1.641 0.004 0.003 92.515
1 143 1 1 26 146517 93.243 1.702 0.004 0.003 92.743
1 144 1 1 27 146517 91.128 1.767 0.005 0.003 90.628
1 145 1 1 28 0 0.000 0.060 16.829 25.626 0.000
1 146 1 1 29 146517 93.501 1.832 0.005 0.003 93.001
1 147 1 1 30 146517 0.000 0.060 16.829 25.626 1.000
1 148 1 1 31 146517 96.653 2.148 0.006 0.004 96.153
1 149 1 1 32 146517 91.284 2.141 0.006 0.004 90.784
1 150 1 1 33 146517 92.346 2.285 0.006 0.004 91.846
1 151 1 1 34 146517 90.382 1.921 0.005 0.004 89.882
1 152 1 1 35 146517 99.957 1.014 0.003 0.002 99.457
1 153 1 1 36 146517 93.820 2.443 0.006 0.005 93.320
1 154 1 1 37 0 0.000 0.060 16.829 25.626 0.000
1 155 1 1 38 0 0.000 0.060 16.829 25.626 0.000
1 156 2 0 0 146517 202.240 1.645 0.004 0.003 201.740
1 157 2 0 1 146517 90.860 1.758 0.005 0.003 90.360
1 158 2 0 2 146517 90.406 1.618 0.004 0.003 89.906
1 159 2 0 3 146517 92.024 1.821 0.005 0.003 91.524
1 160 2 0 4 146517 89.832 1.422 0.004 0.003 89.332
1 161 2 0 5 146517 91.741 1.934 0.005 0.004 91.241
1 162 2 0 6 146517 90.646 2.001 0.005 0.004 90.146
1 163 2 0 7 146517 91.806 1.719 0.004 0.003 91.306
1 164 2 0 8 0 0.000 0.060 16.829 25.626 0.000
1 165 2 0 9 146517 87.249 1.742 0.005 0.003 86.749
1 166 2 0 10 146517 92.598 1.753 0.005 0.003 92.098
1 167 2 0 11 146517 63.517 1.872 0.005 0.003 63.017
1 168 2 0 12 146517 91.943 1.606 0.004 0.003 91.443
1 169 2 0 13 146517 91.779 1.620 0.004 0.003 91.279
1 170 2 0 14 146517 91.244 1.610 0.004 0.003 90.744
1 171 2 0 15 146517 183.500 0.000 0.000 0.000 183.000
1 172 2 0 16 146517 86.421 1.702 0.004 0.003 85.921
1 173 2 0 17 0 0.000 0.060 16.829 25.626 0.000
1 174 2 0 18 0 0.000 0.060 16.829 25.626 0.000
1 175 2 0 19 0 0.000 0.060 16.829 25.626 0.000
1 176 2 0 20 146517 92.941 0.969 0.003 0.002 92.441
1 177 2 0 21 146517 94.303 0.987 0.003 0.002 93.803
1 178 2 0 22 146517 92.309 1.566 0.004 0.003 91.809
1 179 2 0 23 146517 91.286 1.902 0.005 0.004 90.786
1 180 2 0 24 146517 91.643 1.644 0.004 0.003 91.143
1 181 2 0 25 146517 91.556 1.437 0.004 0.003 91.056
1 182 2 0 26 146517 92.913 1.812 0.005 0.003 92.413
1 183 2 0 27 146517 91.771 1.958 0.005 0.004 91.271
1 184 2 0 28 0 0.000 0.060 16.829 25.626 0.000
1 185 2 0 29 146517 93.832 1.598 0.004 0.003 93.332
1 186 2 0 30 146517 93.809 1.699 0.004 0.003 93.309
1 187 2 0 31 146517 91.324 1.687 0.004 0.003 90.824
1 188 2 0 32 146517 91.826 1.703 0.004 0.003 91.326
1 189 2 0 33 146517 91.073 1.752 0.005 0.003 90.573
1 190 2 0 34 146517 91.815 1.779 0.005 0.003 91.315
1 191 2 0 35 146517 91.719 1.736 0.005 0.003 91.219
1 192 2 0 36 146517 90.841 1.698 0.004 0.003 90.341
1 193 2 0 37 0 0.000 0.060 16.829 25.626 0.000
1 194 2 0 38 0 0.000 0.060 16.829 25.626 0.000
1 195 2 1 0 146517 91.826 1.605 0.004 0.003 91.326
1 196 2 1 1 146517 91.465 1.608 0.004 0.003 90.965
1 197 2 1 2 146517 92.269 1.617 0.004 0.003 91.769
1 198 2 1 3 146517 91.565 1.590 0.004 0.003 91.065
1 199 2 1 4 146517 91.043 1.585 0.004 0.003 90.543
1 200 2 1 5 146517 92.150 1.585 0.004 0.003 91.650
1 201 2 1 6 146517 92.516 1.623 0.004 0.003 92.016
1 202 2 1 7 146517 90.691 1.542 0.004 0.003 90.191
1 203 2 1 8 0 0.000 0.060 16.829 25.626 0.000
1 204 2 1 9 146517 90.989 1.527 0.004 0.003 90.489
1 205 2 1 10 146517 92.758 1.675 0.004 0.003 92.258
1 206 2 1 11 146517 89.643 1.598 0.004 0.003 89.143
1 207 2 1 12 146517 91.745 1.681 0.004 0.003 91.245
1 208 2 1 13 146517 92.224 1.587 0.004 0.003 91.724
1 209 2 1 14 146517 91.671 1.693 0.004 0.003 91.171
1 210 2 1 15 146517 87.578 1.617 0.004 0.003 87.078
1 211 2 1 16 146517 91.347 1.660 0.004 0.003 90.847
1 212 2 1 17 0 0.000 0.060 16.829 25.626 0.000
1 213 2 1 18 0 0.000 0.060 16.829 25.626 0.000
1 214 2 1 19 0 0.000 0.060 16.829 25.626 0.000
1 215 2 1 20 146517 92.023 1.540 0.004 0.003 91.523
1 216 2 1 21 146517 91.548 1.658 0.004 0.003 91.048
1 217 2 1 22 146517 90.367 1.660 0.004 0.003 89.867
1 218 2 1 23 146517 200.221 1.634 0.004 0.003 199.721
1 219 2 1 24 146517 91.196 1.562 0.004 0.003 90.696
1 220 2 1 25 146517 91.365 1.514 0.004 0.003 90.865
1 221 2 1 26 146517 91.847 1.570 0.004 0.003 91.347
1 222 2 1 27 146517 90.580 1.583 0.004 0.003 90.080
1 223 2 1 28 0 0.000 0.060 16.829 25.626 0.000
1 224 2 1 29 146517 90.723 1.695 0.004 0.003 90.223
1 225 2 1 30 146517 91.038 1.789 0.005 0.003 90.538
1 226 2 1 31 146517 92.678 1.790 0.005 0.003 92.178
1 227 2 1 32 146517 91.286 1.957 0.005 0.004 90.786
1 228 2 1 33 146517 90.676 1.713 0.004 0.003 90.176
1 229 2 1 34 146517 90.317 1.643 0.004 0.003 89.817
1 230 2 1 35 146517 91.615 1.644 0.004 0.003 91.115
1 231 2 1 36 146517 91.194 1.696 0.004 0.003 90.694
1 232 2 1 37 0 0.000 0.060 16.829 25.626 0.000
1 233 2 1 38 0 0.000 0.060 16.829 25.626 0.000
