0 0 0 0 0 120267 83.146 2.008 0.006 0.004 82.646
0 1 0 0 1 120267 83.112 2.151 0.006 0.004 82.611
0 2 0 0 2 120267 79.873 2.223 0.006 0.005 79.373
0 3 0 0 3 120267 78.288 2.170 0.006 0.004 77.788
0 4 0 0 4 120267 83.188 1.795 0.005 0.004 82.688
0 5 0 0 5 120267 77.291 2.259 0.007 0.005 76.791
0 6 0 0 6 120267 178.366 2.308 0.007 0.005 177.866
0 7 0 0 7 120267 79.168 1.891 0.005 0.004 78.668
0 8 0 0 8 0 0.000 0.060 16.829 25.626 0.000
0 9 0 0 9 120267 47.381 1.724 0.005 0.004 46.881
0 10 0 0 10 120267 70.968 2.553 0.007 0.005 70.468
0 11 0 0 11 120267 137.717 1.846 0.005 0.004 137.217
0 12 0 0 12 120267 75.503 2.412 0.007 0.005 75.003
0 13 0 0 13 120267 78.064 2.167 0.006 0.004 77.564
0 14 0 0 14 120267 75.461 2.518 0.007 0.005 74.961
0 15 0 0 15 120267 83.498 2.202 0.006 0.004 82.998
0 16 0 0 16 120267 78.567 2.299 0.007 0.005 78.067
0 17 0 0 17 0 0.000 0.060 16.829 25.626 0.000
0 18 0 0 18 0 0.000 0.060 16.829 25.626 0.000
0 19 0 0 19 0 0.000 0.060 16.829 25.626 0.000
0 20 0 0 20 120267 176.043 1.817 0.005 0.004 175.543
0 21 0 0 21 120267 85.714 2.143 0.006 0.004 85.214
0 22 0 0 22 120267 67.846 1.719 0.005 0.004 67.346
0 23 0 0 23 120267 82.522 2.093 0.006 0.004 82.022
0 24 0 0 24 120267 84.342 1.917 0.006 0.004 83.842
0 25 0 0 25 120267 84.471 1.491 0.004 0.003 83.971
0 26 0 0 26 120267 79.798 2.564 0.007 0.005 79.298
0 27 0 0 27 120267 78.810 2.243 0.006 0.005 78.310
0 28 0 0 28 0 0.000 0.060 16.829 25.626 0.000
0 29 0 0 29 120267 99.561 2.227 0.006 0.005 99.061
0 30 0 0 30 120267 85.146 2.584 0.007 0.005 84.646
0 31 0 0 31 120267 90.707 2.000 0.006 0.004 90.207
0 32 0 0 32 120267 105.884 2.165 0.006 0.004 105.384
0 33 0 0 33 120267 80.876 2.119 0.006 0.004 80.376
0 34 0 0 34 120267 84.628 2.323 0.007 0.005 84.128
0 35 0 0 35 120267 84.934 2.029 0.006 0.004 84.434
0 36 0 0 36 120267 90.061 1.993 0.006 0.004 89.561
0 37 0 0 37 0 0.000 0.060 16.829 25.626 0.000
0 38 0 0 38 0 0.000 0.060 16.829 25.626 0.000
0 39 0 1 0 120267 90.326 4.276 0.012 0.289 89.834
0 40 0 1 1 120267 88.980 1.975 0.006 0.004 88.480
0 41 0 1 2 120267 83.207 2.291 0.007 0.005 82.707
0 42 0 1 3 120267 191.405 2.071 0.006 0.004 190.905
0 43 0 1 4 120267 88.248 2.209 0.006 0.005 87.748
0 44 0 1 5 120267 85.754 2.036 0.006 0.004 85.254
0 45 0 1 6 120267 87.843 2.346 0.007 0.005 87.343
0 46 0 1 7 120267 89.050 2.295 0.007 0.005 88.550
0 47 0 1 8 0 0.000 0.060 16.829 25.626 0.000
0 48 0 1 9 120267 82.980 2.133 0.006 0.004 82.480
0 49 0 1 10 120267 80.168 2.441 0.007 0.005 79.668
0 50 0 1 11 120267 85.646 2.229 0.006 0.005 85.146
0 51 0 1 12 120267 85.113 2.586 0.007 0.005 84.613
0 52 0 1 13 120267 85.970 2.065 0.006 0.004 85.470
0 53 0 1 14 120267 82.829 2.602 0.008 0.005 82.329
0 54 0 1 15 120267 84.733 2.180 0.006 0.004 84.233
0 55 0 1 16 120267 87.967 2.415 0.007 0.005 87.467
0 56 0 1 17 0 0.000 0.060 16.829 25.626 0.000
0 57 0 1 18 0 0.000 0.060 16.829 25.626 0.000
0 58 0 1 19 0 0.000 0.060 16.829 25.626 0.000
0 59 0 1 20 120267 87.943 2.000 0.006 0.004 87.443
0 60 0 1 21 120267 84.735 2.096 0.006 0.004 84.235
0 61 0 1 22 120267 86.481 2.251 0.006 0.005 85.981
0 62 0 1 23 120267 87.267 2.001 0.006 0.004 86.767
0 63 0 1 24 120267 88.242 2.059 0.006 0.004 87.742
0 64 0 1 25 120267 89.721 1.910 0.006 0.004 89.221
0 65 0 1 26 120267 91.036 2.127 0.006 0.004 90.536
0 66 0 1 27 120267 89.719 2.091 0.006 0.004 89.219
0 67 0 1 28 0 0.000 0.060 16.829 25.626 0.000
0 68 0 1 29 120267 90.303 2.060 0.006 0.004 89.803
0 69 0 1 30 120267 92.382 2.514 0.007 0.005 91.882
0 70 0 1 31 120267 84.463 2.213 0.006 0.005 83.963
0 71 0 1 32 120267 93.432 2.411 0.007 0.005 92.932
0 72 0 1 33 120267 86.610 2.187 0.006 0.004 86.110
0 73 0 1 34 120267 87.839 2.044 0.006 0.004 87.339
0 74 0 1 35 120267 95.088 1.852 0.005 0.004 94.588
0 75 0 1 36 120267 95.519 1.929 0.006 0.004 95.019
0 76 0 1 37 0 0.000 0.060 16.829 25.626 0.000
0 77 0 1 38 0 0.000 0.060 16.829 25.626 0.000
0 78 1 0 0 120267 90.516 1.854 0.005 0.004 90.016
0 79 1 0 1 120267 87.553 1.899 0.005 0.004 87.053
0 80 1 0 2 120267 87.233 2.104 0.006 0.004 86.733
0 81 1 0 3 120267 87.887 1.974 0.006 0.004 87.387
0 82 1 0 4 120267 82.430 2.083 0.006 0.004 81.930
0 83 1 0 5 120267 82.850 2.047 0.006 0.004 82.350
0 84 1 0 6 120267 90.700 1.566 0.005 0.003 90.200
0 85 1 0 7 120267 85.257 1.835 0.005 0.004 84.757
0 86 1 0 8 0 0.000 0.060 16.829 25.626 0.000
0 87 1 0 9 120267 172.874 1.685 0.005 0.003 172.374
0 88 1 0 10 120267 83.978 2.328 0.007 0.005 83.478
0 89 1 0 11 120267 82.877 1.727 0.005 0.004 82.377
0 90 1 0 12 120267 86.410 2.149 0.006 0.004 85.910
0 91 1 0 13 120267 86.069 1.957 0.006 0.004 85.569
0 92 1 0 14 120267 84.951 2.214 0.006 0.005 84.451
0 93 1 0 15 120267 86.779 1.988 0.006 0.004 86.279
0 94 1 0 16 120267 83.912 2.396 0.007 0.005 83.412
0 95 1 0 17 0 0.000 0.060 16.829 25.626 0.000
0 96 1 0 18 0 0.000 0.060 16.829 25.626 0.000
0 97 1 0 19 0 0.000 0.060 16.829 25.626 0.000
0 98 1 0 20 120267 70.355 2.466 0.007 0.005 69.771
0 99 1 0 21 120267 86.602 2.067 0.006 0.004 86.102
0 100 1 0 22 120267 88.358 1.966 0.006 0.004 87.858
0 101 1 0 23 120267 83.617 2.083 0.006 0.004 83.117
0 102 1 0 24 120267 86.433 1.909 0.006 0.004 85.933
0 103 1 0 25 120267 87.258 1.540 0.004 0.003 86.758
0 104 1 0 26 120267 85.264 2.485 0.007 0.005 84.764
0 105 1 0 27 120267 82.774 2.363 0.007 0.005 82.274
0 106 1 0 28 0 0.000 0.060 16.829 25.626 0.000
0 107 1 0 29 120267 89.558 2.051 0.006 0.004 89.058
0 108 1 0 30 120267 94.843 2.209 0.006 0.005 94.343
0 109 1 0 31 120267 90.227 1.874 0.005 0.004 89.727
0 110 1 0 32 120267 91.069 1.934 0.006 0.004 90.569
0 111 1 0 33 120267 84.500 2.039 0.006 0.004 84.000
0 112 1 0 34 120267 84.696 2.105 0.006 0.004 84.196
0 113 1 0 35 120267 88.441 2.171 0.006 0.004 87.941
0 114 1 0 36 120267 89.657 2.215 0.006 0.005 89.157
0 115 1 0 37 0 0.000 0.060 16.829 25.626 0.000
0 116 1 0 38 0 0.000 0.060 16.829 25.626 0.000
0 117 1 1 0 120267 84.954 1.786 0.005 0.004 84.454
0 118 1 1 1 120267 86.958 1.843 0.005 0.004 86.458
0 119 1 1 2 120267 82.819 1.956 0.006 0.004 82.319
0 120 1 1 3 120267 79.972 1.874 0.005 0.004 79.472
0 121 1 1 4 120267 82.339 1.926 0.006 0.004 81.839
0 122 1 1 5 120267 87.473 0.999 0.003 0.002 86.973
0 123 1 1 6 120267 80.392 2.049 0.006 0.004 79.892
0 124 1 1 7 120267 82.450 2.076 0.006 0.004 81.950
0 125 1 1 8 0 0.000 0.060 16.829 25.626 0.000
0 126 1 1 9 120267 76.111 2.010 0.006 0.004 75.611
0 127 1 1 10 120267 78.663 2.202 0.006 0.004 78.163
0 128 1 1 11 120267 81.475 1.927 0.006 0.004 80.975
0 129 1 1 12 120267 81.865 2.327 0.007 0.005 81.365
0 130 1 1 13 120267 84.358 1.868 0.005 0.004 83.858
0 131 1 1 14 120267 81.909 2.385 0.007 0.005 81.409
0 132 1 1 15 120267 0.000 0.060 16.829 25.626 512.000
0 133 1 1 16 120267 189.525 2.270 0.007 0.005 189.025
0 134 1 1 17 0 0.000 0.060 16.829 25.626 0.000
0 135 1 1 18 0 0.000 0.060 16.829 25.626 0.000
0 136 1 1 19 0 0.000 0.060 16.829 25.626 0.000
0 137 1 1 20 120267 81.250 1.956 0.006 0.004 80.750
0 138 1 1 21 120267 81.692 2.069 0.006 0.004 81.192
0 139 1 1 22 120267 76.548 2.406 0.007 0.005 76.048
0 140 1 1 23 120267 80.037 2.221 0.006 0.005 79.537
0 141 1 1 24 120267 76.590 2.236 0.006 0.005 76.090
0 142 1 1 25 120267 80.437 1.802 0.005 0.004 79.937
0 143 1 1 26 120267 81.995 2.038 0.006 0.004 81.495
0 144 1 1 27 120267 83.460 2.012 0.006 0.004 82.960
0 145 1 1 28 0 0.000 0.060 16.829 25.626 0.000
0 146 1 1 29 120267 82.240 1.977 0.006 0.004 81.740
0 147 1 1 30 120267 84.123 2.341 0.007 0.005 83.623
0 148 1 1 31 120267 78.700 2.196 0.006 0.004 78.200
0 149 1 1 32 120267 80.371 2.339 0.007 0.005 79.871
0 150 1 1 33 120267 81.799 2.152 0.006 0.004 81.299
0 151 1 1 34 120267 81.039 5.041 0.136 96.280 80.547
0 152 1 1 35 120267 84.641 1.967 0.006 0.004 84.141
0 153 1 1 36 120267 84.579 2.065 0.006 0.004 84.079
0 154 1 1 37 0 0.000 0.060 16.829 25.626 0.000
0 155 1 1 38 0 0.000 0.060 16.829 25.626 0.000
0 156 2 0 0 120267 83.258 1.923 0.006 0.004 82.758
0 157 2 0 1 120267 80.683 1.902 0.005 0.004 80.183
0 158 2 0 2 120267 76.021 2.058 0.006 0.004 75.521
0 159 2 0 3 120267 78.717 2.082 0.006 0.004 78.217
0 160 2 0 4 120267 82.736 1.640 0.005 0.003 82.236
0 161 2 0 5 120267 74.751 2.309 0.007 0.005 74.252
0 162 2 0 6 120267 73.221 2.769 0.008 0.006 72.721
0 163 2 0 7 120267 80.682 1.930 0.006 0.004 80.182
0 164 2 0 8 0 0.000 0.060 16.829 25.626 0.000
0 165 2 0 9 120267 81.209 1.845 0.005 0.004 80.709
0 166 2 0 10 120267 72.324 2.706 0.008 0.006 71.824
0 167 2 0 11 120267 83.500 0.000 0.000 0.327 83.000
0 168 2 0 12 120267 79.065 2.441 0.007 0.005 78.563
0 169 2 0 13 120267 85.965 0.889 0.003 0.002 85.465
0 170 2 0 14 120267 73.611 2.271 0.007 0.005 73.111
0 171 2 0 15 120267 87.356 1.006 0.003 0.002 86.856
0 172 2 0 16 120267 78.209 2.284 0.007 0.005 77.709
0 173 2 0 17 0 0.000 0.060 16.829 25.626 0.000
0 174 2 0 18 0 0.000 0.060 16.829 25.626 0.000
0 175 2 0 19 0 0.000 0.060 16.829 25.626 0.000
0 176 2 0 20 120267 80.500 0.000 0.000 0.327 80.000
0 177 2 0 21 120267 79.132 1.725 0.005 0.004 78.632
0 178 2 0 22 120267 73.500 0.000 0.000 0.664 73.000
0 179 2 0 23 120267 74.799 2.181 0.006 0.004 74.299
0 180 2 0 24 120267 77.806 2.045 0.006 0.004 77.306
0 181 2 0 25 120267 82.592 1.578 0.005 0.003 82.092
0 182 2 0 26 120267 71.603 3.283 0.009 0.007 70.953
0 183 2 0 27 120267 74.908 2.255 0.007 0.005 74.408
0 184 2 0 28 0 0.000 0.060 16.829 25.626 0.000
0 185 2 0 29 120267 80.918 2.061 0.006 0.004 80.418
0 186 2 0 30 120267 79.014 2.450 0.007 0.005 78.514
0 187 2 0 31 120267 86.468 1.928 0.006 0.004 85.968
0 188 2 0 32 120267 83.581 2.000 0.006 0.004 83.081
0 189 2 0 33 120267 69.800 0.912 0.003 0.002 69.300
0 190 2 0 34 120267 80.086 2.120 0.006 0.004 79.586
0 191 2 0 35 120267 187.100 1.886 0.005 0.004 186.600
0 192 2 0 36 120267 84.855 1.983 0.006 0.004 84.355
0 193 2 0 37 0 0.000 0.060 16.829 25.626 0.000
0 194 2 0 38 0 0.000 0.060 16.829 25.626 0.000
0 195 2 1 0 120267 85.659 2.028 0.006 0.004 85.159
0 196 2 1 1 120267 88.755 2.023 0.006 0.004 88.255
0 197 2 1 2 120267 80.637 2.284 0.007 0.005 80.137
0 198 2 1 3 120267 85.018 2.151 0.006 0.004 84.518
0 199 2 1 4 120267 82.892 2.398 0.007 0.005 82.392
0 200 2 1 5 120267 85.934 2.057 0.006 0.004 85.434
0 201 2 1 6 120267 80.838 2.381 0.007 0.005 80.338
0 202 2 1 7 120267 87.695 2.413 0.007 0.005 87.195
0 203 2 1 8 0 0.000 0.060 16.829 25.626 0.000
0 204 2 1 9 120267 77.475 2.203 0.006 0.004 76.975
0 205 2 1 10 120267 83.465 2.704 0.008 0.006 82.965
0 206 2 1 11 120267 80.262 2.204 0.006 0.004 79.762
0 207 2 1 12 120267 78.074 2.866 0.008 0.006 77.574
0 208 2 1 13 120267 81.325 2.101 0.006 0.004 80.825
0 209 2 1 14 120267 190.778 3.000 0.009 0.006 190.278
0 210 2 1 15 120267 81.372 2.265 0.007 0.005 80.872
0 211 2 1 16 120267 78.797 2.758 0.008 0.006 78.297
0 212 2 1 17 0 0.000 0.060 16.829 25.626 0.000
0 213 2 1 18 0 0.000 0.060 16.829 25.626 0.000
0 214 2 1 19 0 0.000 0.060 16.829 25.626 0.000
0 215 2 1 20 120267 81.483 2.065 0.006 0.004 80.983
0 216 2 1 21 120267 81.117 2.051 0.006 0.004 80.617
0 217 2 1 22 120267 77.133 2.285 0.007 0.005 76.633
0 218 2 1 23 120267 81.085 1.997 0.006 0.004 80.585
0 219 2 1 24 120267 81.294 2.127 0.006 0.004 80.794
0 220 2 1 25 120267 80.930 1.875 0.005 0.004 80.430
0 221 2 1 26 120267 77.484 2.319 0.007 0.005 76.984
0 222 2 1 27 120267 85.657 2.135 0.006 0.004 85.157
0 223 2 1 28 0 0.000 0.060 16.829 25.626 0.000
0 224 2 1 29 120267 81.166 2.096 0.006 0.004 80.666
0 225 2 1 30 120267 81.462 2.638 0.008 0.005 80.962
0 226 2 1 31 120267 83.243 2.335 0.007 0.005 82.743
0 227 2 1 32 120267 84.418 2.548 0.007 0.005 83.918
0 228 2 1 33 120267 88.690 2.310 0.007 0.005 88.190
0 229 2 1 34 120267 91.559 2.198 0.006 0.004 91.059
0 230 2 1 35 120267 95.002 0.711 0.002 0.001 94.502
0 231 2 1 36 120267 97.509 2.139 0.006 0.004 97.009
0 232 2 1 37 0 0.000 0.060 16.829 25.626 0.000
0 233 2 1 38 0 0.000 0.060 16.829 25.626 0.000
1 0 0 0 0 120267 94.559 1.618 0.005 0.003 94.059
1 1 0 0 1 120267 94.680 0.840 0.002 0.002 94.180
1 2 0 0 2 120267 95.001 1.614 0.005 0.003 94.501
1 3 0 0 3 120267 93.991 1.699 0.005 0.003 93.491
1 4 0 0 4 120267 94.198 1.355 0.004 0.003 93.698
1 5 0 0 5 120267 96.759 1.852 0.005 0.004 96.259
1 6 0 0 6 120267 93.466 1.823 0.005 0.004 92.966
1 7 0 0 7 120267 93.936 1.532 0.004 0.003 93.436
1 8 0 0 8 0 0.000 0.060 16.829 25.626 0.000
1 9 0 0 9 120267 60.586 1.527 0.004 0.003 60.086
1 10 0 0 10 120267 94.171 1.775 0.005 0.004 93.671
1 11 0 0 11 120267 93.954 1.459 0.004 0.003 93.454
1 12 0 0 12 120267 95.079 1.485 0.004 0.003 94.579
1 13 0 0 13 120267 93.644 1.546 0.004 0.003 93.144
1 14 0 0 14 120267 93.723 1.642 0.005 0.003 93.223
1 15 0 0 15 120267 93.817 1.649 0.005 0.003 93.317
1 16 0 0 16 120267 94.490 1.673 0.005 0.003 93.990
1 17 0 0 17 0 0.000 0.060 16.829 25.626 0.000
1 18 0 0 18 0 0.000 0.060 16.829 25.626 0.000
1 19 0 0 19 0 0.000 0.060 16.829 25.626 0.000
1 20 0 0 20 120267 95.009 1.439 0.004 0.003 94.509
1 21 0 0 21 120267 94.631 1.632 0.005 0.003 94.131
1 22 0 0 22 120267 94.113 1.424 0.004 0.003 93.613
1 23 0 0 23 120267 97.349 1.741 0.005 0.004 96.849
1 24 0 0 24 120267 95.003 1.464 0.004 0.003 94.503
1 25 0 0 25 120267 94.533 1.261 0.004 0.003 94.033
1 26 0 0 26 120267 94.443 1.774 0.005 0.004 93.943
1 27 0 0 27 120267 92.700 1.927 0.006 0.004 92.200
1 28 0 0 28 0 0.000 0.060 16.829 25.626 0.000
1 29 0 0 29 120267 203.057 2.060 0.006 0.004 202.557
1 30 0 0 30 120267 93.590 1.743 0.005 0.004 93.090
1 31 0 0 31 120267 93.585 1.666 0.005 0.003 93.085
1 32 0 0 32 120267 93.976 2.250 0.006 0.005 93.476
1 33 0 0 33 120267 93.143 1.795 0.005 0.004 92.643
1 34 0 0 34 120267 93.894 1.852 0.005 0.004 93.394
1 35 0 0 35 120267 94.694 1.651 0.005 0.003 94.194
1 36 0 0 36 120267 93.134 1.746 0.005 0.004 92.634
1 37 0 0 37 0 0.000 0.060 16.829 25.626 0.000
1 38 0 0 38 0 0.000 0.060 16.829 25.626 0.000
1 39 0 1 0 120267 86.475 1.667 0.005 0.003 85.975
1 40 0 1 1 120267 84.767 1.758 0.005 0.004 84.267
1 41 0 1 2 120267 89.329 1.801 0.005 0.004 88.829
1 42 0 1 3 120267 85.397 1.740 0.005 0.004 84.897
1 43 0 1 4 120267 85.844 1.671 0.005 0.003 85.344
1 44 0 1 5 120267 88.094 1.696 0.005 0.003 87.594
1 45 0 1 6 120267 87.642 1.689 0.005 0.003 87.142
1 46 0 1 7 120267 84.983 1.757 0.005 0.004 84.483
1 47 0 1 8 0 0.000 0.060 16.829 25.626 0.000
1 48 0 1 9 120267 83.518 1.720 0.005 0.004 83.018
1 49 0 1 10 120267 86.863 1.709 0.005 0.003 86.363
1 50 0 1 11 120267 86.538 1.682 0.005 0.003 86.038
1 51 0 1 12 120267 85.248 1.729 0.005 0.004 84.748
1 52 0 1 13 120267 86.485 1.710 0.005 0.003 85.985
1 53 0 1 14 120267 86.002 1.731 0.005 0.004 85.502
1 54 0 1 15 120267 89.090 1.677 0.005 0.003 88.590
1 55 0 1 16 120267 88.791 1.744 0.005 0.004 88.291
1 56 0 1 17 0 0.000 0.060 16.829 25.626 0.000
1 57 0 1 18 0 0.000 0.060 16.829 25.626 0.000
1 58 0 1 19 0 0.000 0.060 16.829 25.626 0.000
1 59 0 1 20 120267 83.913 1.558 0.004 0.003 83.413
1 60 0 1 21 120267 86.756 1.690 0.005 0.003 86.256
1 61 0 1 22 120267 87.431 1.760 0.005 0.004 86.931
1 62 0 1 23 120267 86.878 1.767 0.005 0.004 86.378
1 63 0 1 24 120267 85.492 1.633 0.005 0.003 84.992
1 64 0 1 25 120267 82.966 1.596 0.005 0.003 82.466
1 65 0 1 26 120267 86.675 1.658 0.005 0.003 86.175
1 66 0 1 27 120267 86.638 1.718 0.005 0.004 86.138
1 67 0 1 28 0 0.000 0.060 16.829 25.626 0.000
1 68 0 1 29 120267 85.901 1.770 0.005 0.004 85.401
1 69 0 1 30 120267 88.896 1.859 0.005 0.004 88.396
1 70 0 1 31 120267 88.400 1.962 0.006 0.004 87.900
1 71 0 1 32 120267 86.162 2.033 0.006 0.004 85.662
1 72 0 1 33 120267 89.174 1.885 0.005 0.004 88.674
1 73 0 1 34 120267 86.598 1.784 0.005 0.004 86.098
1 74 0 1 35 120267 81.820 1.735 0.005 0.004 81.320
1 75 0 1 36 120267 197.806 1.890 0.005 0.004 197.306
1 76 0 1 37 0 0.000 0.060 16.829 25.626 0.000
1 77 0 1 38 0 0.000 0.060 16.829 25.626 0.000
1 78 1 0 0 120267 91.468 1.845 0.005 0.004 90.968
1 79 1 0 1 120267 94.045 1.802 0.005 0.004 93.545
1 80 1 0 2 120267 95.053 1.695 0.005 0.003 94.553
1 81 1 0 3 120267 95.755 1.667 0.005 0.003 95.255
1 82 1 0 4 120267 93.304 1.854 0.005 0.004 92.804
1 83 1 0 5 120267 207.894 1.858 0.005 0.004 207.394
1 84 1 0 6 120267 95.073 1.406 0.004 0.003 94.573
1 85 1 0 7 120267 94.356 1.575 0.005 0.003 93.856
1 86 1 0 8 0 0.000 0.060 16.829 25.626 0.000
1 87 1 0 9 120267 95.485 1.476 0.004 0.003 94.985
1 88 1 0 10 120267 94.852 1.810 0.005 0.004 94.352
1 89 1 0 11 120267 93.256 1.792 0.005 0.004 92.756
1 90 1 0 12 120267 93.527 1.652 0.005 0.003 93.027
1 91 1 0 13 120267 94.535 1.641 0.005 0.003 94.035
1 92 1 0 14 120267 93.794 1.695 0.005 0.003 93.294
1 93 1 0 15 120267 97.113 2.466 0.007 0.005 96.613
1 94 1 0 16 120267 94.623 1.795 0.005 0.004 94.123
1 95 1 0 17 0 0.000 0.060 16.829 25.626 0.000
1 96 1 0 18 0 0.000 0.060 16.829 25.626 0.000
1 97 1 0 19 0 0.000 0.060 16.829 25.626 0.000
1 98 1 0 20 120267 71.983 1.867 0.005 0.004 71.483
1 99 1 0 21 120267 195.386 1.917 0.006 0.004 194.886
1 100 1 0 22 120267 88.395 1.861 0.005 0.004 87.895
1 101 1 0 23 120267 96.914 1.860 0.005 0.004 96.414
1 102 1 0 24 120267 94.442 1.549 0.004 0.003 93.942
1 103 1 0 25 120267 94.177 1.382 0.004 0.003 93.677
1 104 1 0 26 120267 93.917 1.989 0.006 0.004 93.417
1 105 1 0 27 120267 94.755 2.048 0.006 0.004 94.255
1 106 1 0 28 0 0.000 0.060 16.829 25.626 0.000
1 107 1 0 29 120267 95.692 1.732 0.005 0.004 95.192
1 108 1 0 30 120267 96.354 1.960 0.006 0.004 95.854
1 109 1 0 31 120267 92.638 1.770 0.005 0.004 92.138
1 110 1 0 32 120267 97.433 1.763 0.005 0.004 96.933
1 111 1 0 33 120267 96.459 1.788 0.005 0.004 95.959
1 112 1 0 34 120267 100.948 1.258 0.004 0.003 100.448
1 113 1 0 35 120267 92.008 2.039 0.006 0.004 91.508
1 114 1 0 36 120267 99.002 2.651 0.008 0.005 98.502
1 115 1 0 37 0 0.000 0.060 16.829 25.626 0.000
1 116 1 0 38 0 0.000 0.060 16.829 25.626 0.000
1 117 1 1 0 120267 93.621 1.580 0.005 0.003 93.121
1 118 1 1 1 120267 91.486 1.668 0.005 0.003 90.986
1 119 1 1 2 120267 92.127 1.687 0.005 0.003 91.627
1 120 1 1 3 120267 91.476 1.797 0.005 0.004 90.976
1 121 1 1 4 120267 92.966 1.700 0.005 0.003 92.466
1 122 1 1 5 120267 92.815 1.663 0.005 0.003 92.315
1 123 1 1 6 120267 92.069 1.660 0.005 0.003 91.569
1 124 1 1 7 120267 91.885 1.693 0.005 0.003 91.385
1 125 1 1 8 0 0.000 0.060 16.829 25.626 0.000
1 126 1 1 9 120267 92.288 1.695 0.005 0.003 91.788
1 127 1 1 10 120267 192.455 1.627 0.005 0.003 191.955
1 128 1 1 11 120267 93.861 1.632 0.005 0.003 93.361
1 129 1 1 12 120267 94.136 1.652 0.005 0.003 93.636
1 130 1 1 13 120267 93.742 1.596 0.005 0.003 93.242
1 131 1 1 14 120267 95.657 1.639 0.005 0.003 95.157
1 132 1 1 15 120267 94.732 1.594 0.005 0.003 94.232
1 133 1 1 16 120267 93.830 1.726 0.005 0.004 93.330
1 134 1 1 17 0 0.000 0.060 16.829 25.626 0.000
1 135 1 1 18 0 0.000 0.060 16.829 25.626 0.000
1 136 1 1 19 0 0.000 0.060 16.829 25.626 0.000
1 137 1 1 20 120267 92.810 1.586 0.005 0.003 92.310
1 138 1 1 21 120267 92.384 1.760 0.005 0.004 91.884
1 139 1 1 22 120267 93.414 1.799 0.005 0.004 92.914
1 140 1 1 23 120267 92.392 1.872 0.005 0.004 91.892
1 141 1 1 24 120267 93.747 1.655 0.005 0.003 93.247
1 142 1 1 25 120267 93.260 1.622 0.005 0.003 92.760
1 143 1 1 26 120267 93.269 1.695 0.005 0.003 92.769
1 144 1 1 27 120267 91.197 1.773 0.005 0.004 90.697
1 145 1 1 28 0 0.000 0.060 16.829 25.626 0.000
1 146 1 1 29 120267 93.577 1.816 0.005 0.004 93.077
1 147 1 1 30 120267 0.000 0.060 16.829 25.626 1.000
1 148 1 1 31 120267 96.508 2.141 0.006 0.004 96.008
1 149 1 1 32 120267 91.629 2.138 0.006 0.004 91.129
1 150 1 1 33 120267 92.176 2.288 0.007 0.005 91.676
1 151 1 1 34 120267 90.435 1.914 0.006 0.004 89.935
1 152 1 1 35 120267 99.785 1.011 0.003 0.002 99.285
1 153 1 1 36 120267 93.679 2.459 0.007 0.005 93.179
1 154 1 1 37 0 0.000 0.060 16.829 25.626 0.000
1 155 1 1 38 0 0.000 0.060 16.829 25.626 0.000
1 156 2 0 0 120267 201.994 1.645 0.005 0.003 201.494
1 157 2 0 1 120267 90.927 1.758 0.005 0.004 90.427
1 158 2 0 2 120267 90.269 1.606 0.005 0.003 89.769
1 159 2 0 3 120267 92.315 1.813 0.005 0.004 91.815
1 160 2 0 4 120267 89.612 1.420 0.004 0.003 89.112
1 161 2 0 5 120267 91.467 1.925 0.006 0.004 90.967
1 162 2 0 6 120267 90.218 2.000 0.006 0.004 89.718
1 163 2 0 7 120267 91.513 1.710 0.005 0.003 91.013
1 164 2 0 8 0 0.000 0.060 16.829 25.626 0.000
1 165 2 0 9 120267 86.842 1.732 0.005 0.004 86.342
1 166 2 0 10 120267 92.478 1.769 0.005 0.004 91.978
1 167 2 0 11 120267 63.517 1.868 0.005 0.004 63.017
1 168 2 0 12 120267 91.263 1.589 0.005 0.003 90.763
1 169 2 0 13 120267 91.608 1.616 0.005 0.003 91.108
1 170 2 0 14 120267 91.266 1.612 0.005 0.003 90.766
1 171 2 0 15 120267 182.500 0.000 0.000 0.022 182.000
1 172 2 0 16 120267 86.255 1.702 0.005 0.003 85.755
1 173 2 0 17 0 0.000 0.060 16.829 25.626 0.000
1 174 2 0 18 0 0.000 0.060 16.829 25.626 0.000
1 175 2 0 19 0 0.000 0.060 16.829 25.626 0.000
1 176 2 0 20 120267 92.658 1.018 0.003 0.002 92.158
1 177 2 0 21 120267 94.152 0.979 0.003 0.002 93.652
1 178 2 0 22 120267 92.004 1.580 0.005 0.003 91.504
1 179 2 0 23 120267 90.952 1.896 0.005 0.004 90.452
1 180 2 0 24 120267 91.045 1.634 0.005 0.003 90.545
1 181 2 0 25 120267 91.305 1.430 0.004 0.003 90.805
1 182 2 0 26 120267 92.638 1.821 0.005 0.004 92.138
1 183 2 0 27 120267 91.582 1.953 0.006 0.004 91.082
1 184 2 0 28 0 0.000 0.060 16.829 25.626 0.000
1 185 2 0 29 120267 93.405 1.621 0.005 0.003 92.905
1 186 2 0 30 120267 93.727 1.697 0.005 0.003 93.227
1 187 2 0 31 120267 91.425 1.689 0.005 0.003 90.925
1 188 2 0 32 120267 91.320 1.689 0.005 0.003 90.820
1 189 2 0 33 120267 90.616 1.748 0.005 0.004 90.116
1 190 2 0 34 120267 91.378 1.782 0.005 0.004 90.878
1 191 2 0 35 120267 91.662 1.739 0.005 0.004 91.162
1 192 2 0 36 120267 90.683 1.692 0.005 0.003 90.183
1 193 2 0 37 0 0.000 0.060 16.829 25.626 0.000
1 194 2 0 38 0 0.000 0.060 16.829 25.626 0.000
1 195 2 1 0 120267 91.495 1.593 0.005 0.003 90.995
1 196 2 1 1 120267 91.142 1.598 0.005 0.003 90.642
1 197 2 1 2 120267 91.853 1.617 0.005 0.003 91.353
1 198 2 1 3 120267 91.142 1.573 0.005 0.003 90.642
1 199 2 1 4 120267 90.538 1.560 0.004 0.003 90.038
1 200 2 1 5 120267 91.650 1.575 0.005 0.003 91.150
1 201 2 1 6 120267 92.256 1.626 0.005 0.003 91.756
1 202 2 1 7 120267 90.084 1.532 0.004 0.003 89.584
1 203 2 1 8 0 0.000 0.060 16.829 25.626 0.000
1 204 2 1 9 120267 90.557 1.505 0.004 0.003 90.057
1 205 2 1 10 120267 92.582 2.618 0.000 0.000 92.043
1 206 2 1 11 120267 89.228 1.603 0.005 0.003 88.728
1 207 2 1 12 120267 91.436 1.675 0.005 0.003 90.936
1 208 2 1 13 120267 91.525 1.588 0.005 0.003 91.025
1 209 2 1 14 120267 91.280 1.687 0.005 0.003 90.780
1 210 2 1 15 120267 87.350 1.616 0.005 0.003 86.850
1 211 2 1 16 120267 90.919 1.647 0.005 0.003 90.419
1 212 2 1 17 0 0.000 0.060 16.829 25.626 0.000
1 213 2 1 18 0 0.000 0.060 16.829 25.626 0.000
1 214 2 1 19 0 0.000 0.060 16.829 25.626 0.000
1 215 2 1 20 120267 91.250 1.546 0.004 0.003 90.750
1 216 2 1 21 120267 90.957 1.649 0.005 0.003 90.457
1 217 2 1 22 120267 89.922 1.639 0.005 0.003 89.422
1 218 2 1 23 120267 199.525 1.639 0.005 0.003 199.025
1 219 2 1 24 120267 90.663 1.533 0.004 0.003 90.163
1 220 2 1 25 120267 90.910 1.498 0.004 0.003 90.410
1 221 2 1 26 120267 91.622 1.566 0.005 0.003 91.122
1 222 2 1 27 120267 90.126 1.576 0.005 0.003 89.626
1 223 2 1 28 0 0.000 0.060 16.829 25.626 0.000
1 224 2 1 29 120267 90.491 1.685 0.005 0.003 89.991
1 225 2 1 30 120267 90.492 1.780 0.005 0.004 89.992
1 226 2 1 31 120267 92.118 1.794 0.005 0.004 91.618
1 227 2 1 32 120267 90.935 1.955 0.006 0.004 90.435
1 228 2 1 33 120267 90.201 1.700 0.005 0.003 89.701
1 229 2 1 34 120267 89.790 1.646 0.005 0.003 89.290
1 230 2 1 35 120267 91.187 1.635 0.005 0.003 90.687
1 231 2 1 36 120267 90.582 1.686 0.005 0.003 90.082
1 232 2 1 37 0 0.000 0.060 16.829 25.626 0.000
1 233 2 1 38 0 0.000 0.060 16.829 25.626 0.000
